Type;ZVL-3;
Version;3.31;
Date;23.May 25;
Mode;ANALYZER;
Center Freq;504500.000000;Hz
Freq Offset;0.000000;Hz
Span;991000.000000;Hz
x-Axis;LIN;
Start;9000.000000;Hz
Stop;1000000.000000;Hz
Ref Level;-20.000000;dBm
Level Offset;0.000000;dB
Ref Position;100.000000;%
y-Axis;LOG;
Level Range;100.000000;dB
Rf Att;0.000000;dB
RBW;300.000000;Hz
VBW;1000.000000;Hz
SWT;11.000000;s
Trace Mode;CLR/WRITE;
Detector;AUTOPEAK;
Sweep Count;0;
Trace 1:;;
x-Unit;Hz;
y-Unit;dBm;
Preamplifier;OFF;
Transducer;OFF;
Values;2001;
9000;-77.791984558105469;-92.116897583007813
9495.5;-81.791084289550781;-113.82420349121094
9991;-78.594741821289063;-89.561874389648437
10486.5;-76.729896545410156;-95.223953247070313
10982;-77.462760925292969;-90.005844116210938
11477.5;-81.634796142578125;-95.889572143554687
11973;-74.499847412109375;-87.174491882324219
12468.5;-74.423759460449219;-87.578300476074219
12964;-75.032890319824219;-85.65625
13459.5;-73.785507202148437;-82.368934631347656
13955;-73.350921630859375;-90.665374755859375
14450.5;-73.00958251953125;-88.274688720703125
14946;-79.544639587402344;-79.544639587402344
15441.5;-73.853752136230469;-80.52349853515625
15937;-74.167427062988281;-95.459693908691406
16432.5;-75.026397705078125;-91.514312744140625
16928;-74.076286315917969;-87.956443786621094
17423.5;-73.064933776855469;-85.473609924316406
17919;-81.330413818359375;-108.56304931640625
18414.5;-74.590705871582031;-89.638885498046875
18910;-74.473251342773438;-74.473251342773438
19405.5;-76.478424072265625;-86.252029418945313
19901;-74.656265258789063;-74.656265258789063
20396.5;-71.612716674804688;-83.464950561523438
20892;-76.180870056152344;-86.236831665039063
21387.5;-70.762809753417969;-83.815132141113281
21883;-74.207870483398438;-85.444313049316406
22378.5;-74.306808471679688;-74.306808471679688
22874;-78.587753295898437;-85.943321228027344
23369.5;-75.373321533203125;-93.047920227050781
23865;-75.668983459472656;-91.532913208007812
24360.5;-70.278709411621094;-80.083999633789063
24856;-75.273933410644531;-90.481971740722656
25351.5;-72.638404846191406;-83.98785400390625
25847;-72.995986938476562;-86.431266784667969
26342.5;-83.95147705078125;-102.74315643310547
26838;-72.925392150878906;-94.888763427734375
27333.5;-76.877349853515625;-90.490226745605469
27829;-75.119224548339844;-82.589981079101563
28324.5;-76.292869567871094;-87.987327575683594
28820;-75.016654968261719;-106.45889282226562
29315.5;-74.973663330078125;-101.19721984863281
29811;-75.646026611328125;-98.281402587890625
30306.5;-79.608085632324219;-93.151992797851563
30802;-78.226242065429688;-95.503692626953125
31297.5;-76.2073974609375;-85.577728271484375
31793;-76.90667724609375;-85.786582946777344
32288.5;-75.9755859375;-87.562568664550781
32784;-73.312751770019531;-82.612167358398438
33279.5;-79.294593811035156;-96.638359069824219
33775;-81.821464538574219;-97.097129821777344
34270.5;-72.9512939453125;-90.490226745605469
34766;-72.014289855957031;-92.535041809082031
35261.5;-72.788063049316406;-89.714065551757812
35757;-71.674324035644531;-82.673500061035156
36252.5;-75.130477905273437;-89.402595520019531
36748;-71.711624145507813;-80.352210998535156
37243.5;-71.4932861328125;-71.4932861328125
37739;-73.606765747070313;-82.136520385742188
38234.5;-75.729141235351563;-87.596023559570313
38730;-76.062973022460937;-82.865852355957031
39225.5;-77.239028930664063;-96.023841857910156
39721;-73.569816589355469;-79.225852966308594
40216.5;-71.453224182128906;-91.458747863769531
40712;-77.693038940429688;-82.718368530273438
41207.5;-76.433563232421875;-76.433563232421875
41703;-77.351692199707031;-89.505180358886719
42198.5;-75.879341125488281;-85.966178894042969
42694;-75.58050537109375;-99.692626953125
43189.5;-74.190574645996094;-89.036460876464844
43685;-74.031486511230469;-93.09979248046875
44180.5;-74.958915710449219;-91.144515991210938
44676;-77.975067138671875;-96.034263610839844
45171.5;-79.36541748046875;-92.760841369628906
45667;-76.119613647460938;-103.47230529785156
46162.5;-74.970893859863281;-89.320419311523438
46658;-74.379287719726563;-93.0220947265625
47153.5;-80.840225219726563;-104.28177642822266
47649;-78.042442321777344;-96.773468017578125
48144.5;-77.10302734375;-83.862480163574219
48640;-74.685653686523438;-105.12985229492187
49135.5;-74.049713134765625;-85.544960021972656
49631;-78.640342712402344;-87.016242980957031
50126.5;-78.133522033691406;-87.064346313476563
50622;-77.807945251464844;-98.015556335449219
51117.5;-73.750984191894531;-84.189353942871094
51613;-78.794334411621094;-115.71204376220703
52108.5;-75.371871948242188;-102.58666229248047
52604;-79.102577209472656;-91.965545654296875
53099.5;-76.749671936035156;-91.998222351074219
53595;-74.580123901367188;-81.525276184082031
54090.5;-76.60491943359375;-96.112770080566406
54586;-74.723213195800781;-98.002471923828125
55081.5;-76.201034545898438;-84.678543090820313
55577;-73.376594543457031;-116.49982452392578
56072.5;-76.213249206542969;-96.202613830566406
56568;-76.122245788574219;-76.122245788574219
57063.5;-74.095024108886719;-81.23980712890625
57559;-78.554252624511719;-88.642776489257813
58054.5;-78.252433776855469;-90.484725952148438
58550;-72.516609191894531;-85.201423645019531
59045.5;-80.673309326171875;-95.910102844238281
59541;-75.35595703125;-96.8018798828125
60036.5;-75.857353210449219;-91.47723388671875
60532;-76.004615783691406;-87.53118896484375
61027.5;-79.240913391113281;-92.173500061035156
61523;-76.278388977050781;-76.278388977050781
62018.5;-78.661468505859375;-87.058784484863281
62514;-71.517410278320312;-83.806205749511719
63009.5;-71.440010070800781;-97.40887451171875
63505;-77.393630981445312;-88.215179443359375
64000.5;-77.932823181152344;-87.217819213867187
64496;-71.373336791992188;-85.461265563964844
64991.5;-75.323722839355469;-86.079719543457031
65487;-75.090660095214844;-95.493904113769531
65982.5;-75.723609924316406;-83.164970397949219
66478;-80.647560119628906;-105.26451873779297
66973.5;-73.808067321777344;-85.386009216308594
67469;-71.342010498046875;-79.999687194824219
67964.5;-73.047187805175781;-96.123291015625
68460;-73.04644775390625;-87.008872985839844
68955.5;-80.009567260742187;-89.217597961425781
69451;-75.464088439941406;-84.392906188964844
69946.5;-76.082855224609375;-84.414756774902344
70442;-74.933174133300781;-86.030166625976563
70937.5;-72.614463806152344;-86.218292236328125
71433;-74.362937927246094;-84.1190185546875
71928.5;-73.591026306152344;-100.36936187744141
72424;-77.844451904296875;-100.34365081787109
72919.5;-77.982894897460938;-96.516334533691406
73415;-77.490440368652344;-100.4210205078125
73910.5;-80.371932983398438;-97.834182739257813
74406;-79.542289733886719;-99.09442138671875
74901.5;-77.942558288574219;-100.30948638916016
75397;-77.407051086425781;-77.407051086425781
75892.5;-77.471366882324219;-77.471366882324219
76388;-75.120620727539063;-80.348785400390625
76883.5;-76.062446594238281;-93.502983093261719
77379;-81.075340270996094;-102.90254211425781
77874.5;-75.489006042480469;-113.66408538818359
78370;-74.342758178710938;-86.570350646972656
78865.5;-78.298301696777344;-126.84814453125
79361;-76.190940856933594;-99.496368408203125
79856.5;-75.854804992675781;-97.662811279296875
80352;-74.787513732910156;-89.749382019042969
80847.5;-79.47930908203125;-93.592987060546875
81343;-75.891120910644531;-81.949203491210938
81838.5;-75.280616760253906;-86.427810668945313
82334;-75.026397705078125;-97.09124755859375
82829.5;-76.340232849121094;-88.390609741210938
83325;-76.97027587890625;-85.165557861328125
83820.5;-77.762062072753906;-95.523330688476563
84316;-75.628608703613281;-87.389442443847656
84811.5;-75.808990478515625;-87.564529418945313
85307;-77.827781677246094;-86.797630310058594
85802.5;-78.780021667480469;-90.136978149414063
86298;-77.483665466308594;-93.628463745117188
86793.5;-75.86297607421875;-75.86297607421875
87289;-76.436843872070313;-86.761726379394531
87784.5;-72.285133361816406;-94.51776123046875
88280;-78.923439025878906;-88.086929321289063
88775.5;-74.053855895996094;-107.29367065429687
89271;-75.038002014160156;-92.974342346191406
89766.5;-77.467681884765625;-98.9620361328125
90262;-75.32708740234375;-89.055107116699219
90757.5;-78.980308532714844;-93.114669799804687
91253;-77.640846252441406;-93.227088928222656
91748.5;-71.045372009277344;-85.817062377929687
92244;-77.944503784179688;-96.181396484375
92739.5;-79.277168273925781;-96.34185791015625
93235;-79.700576782226562;-95.338623046875
93730.5;-79.085540771484375;-94.663375854492188
94226;-77.59271240234375;-95.411064147949219
94721.5;-76.931488037109375;-83.346855163574219
95217;-76.301460266113281;-76.301460266113281
95712.5;-75.528732299804687;-116.44503021240234
96208;-77.563453674316406;-102.13337707519531
96703.5;-74.526519775390625;-112.17350769042969
97199;-73.704635620117187;-73.704635620117187
97694.5;-75.128608703613281;-96.750801086425781
98190;-78.58984375;-97.618934631347656
98685.5;-75.952323913574219;-91.091262817382812
99181;-78.315216064453125;-86.066482543945313
99676.5;-80.960662841796875;-91.306259155273438
100172;-74.764976501464844;-83.906219482421875
100667.5;-71.489273071289063;-94.893333435058594
101163;-80.316314697265625;-88.633880615234375
101658.5;-81.254043579101563;-93.318084716796875
102154;-79.181571960449219;-92.486419677734375
102649.5;-77.116004943847656;-82.218963623046875
103145;-80.220443725585937;-108.49716186523437
103640.5;-80.971694946289063;-89.65887451171875
104136;-77.203193664550781;-89.434211730957031
104631.5;-77.762062072753906;-89.551994323730469
105127;-78.016212463378906;-86.507484436035156
105622.5;-78.166091918945313;-88.964591979980469
106118;-75.238204956054688;-104.24147033691406
106613.5;-77.825218200683594;-101.58332061767578
107109;-72.435317993164062;-92.02117919921875
107604.5;-82.411170959472656;-82.411170959472656
108100;-75.016654968261719;-84.773506164550781
108595.5;-82.012237548828125;-88.4906005859375
109091;-80.355644226074219;-87.187660217285156
109586.5;-73.068267822265625;-91.177215576171875
110082;-76.695533752441406;-87.0810546875
110577.5;-75.840522766113281;-83.552421569824219
111073;-75.751304626464844;-85.499908447265625
111568.5;-81.5478515625;-105.98745727539062
112064;-77.485511779785156;-87.331855773925781
112559.5;-75.5198974609375;-104.02960205078125
113055;-78.401008605957031;-84.620933532714844
113550.5;-75.736183166503906;-91.403541564941406
114046;-80.749183654785156;-91.919998168945313
114541.5;-78.451789855957031;-103.33839416503906
115037;-75.140342712402344;-94.128425598144531
115532.5;-78.260513305664063;-87.242401123046875
116028;-79.239402770996094;-102.58666229248047
116523.5;-80.940475463867188;-94.305946350097656
117019;-80.20611572265625;-92.386558532714844
117514.5;-76.222831726074219;-82.648918151855469
118010;-79.821403503417969;-110.39716339111328
118505.5;-78.431167602539062;-103.48458862304687
119001;-76.183517456054687;-106.45889282226562
119496.5;-76.545028686523438;-89.65887451171875
119992;-81.895843505859375;-99.764373779296875
120487.5;-78.157440185546875;-96.213249206542969
120983;-89.123031616210938;-107.01255798339844
121478.5;-77.507713317871094;-90.192649841308594
121974;-82.715003967285156;-99.488609313964844
122469.5;-74.197319030761719;-82.66790771484375
122965;-76.536186218261719;-87.592079162597656
123460.5;-81.88153076171875;-93.893157958984375
123956;-79.516578674316406;-87.012557983398438
124451.5;-82.784996032714844;-95.257232666015625
124947;-76.024368286132812;-113.78388977050781
125442.5;-79.999687194824219;-107.21781158447266
125938;-78.645263671875;-84.917190551757812
126433.5;-81.161415100097656;-105.14471435546875
126929;-75.545463562011719;-94.975967407226562
127424.5;-80.066574096679688;-97.245613098144531
127920;-79.519691467285156;-95.204986572265625
128415.5;-80.114784240722656;-96.472389221191406
128911;-81.641746520996094;-96.7564697265625
129406.5;-77.380851745605469;-96.870460510253906
129902;-79.871505737304688;-86.184707641601562
130397.5;-78.350517272949219;-94.413368225097656
130893;-77.946449279785156;-77.946449279785156
131388.5;-79.791633605957031;-89.270050048828125
131884;-80.487747192382812;-92.26080322265625
132379.5;-79.949668884277344;-108.32387542724609
132875;-74.758682250976563;-89.838279724121094
133370.5;-78.317253112792969;-83.517822265625
133866;-81.344802856445312;-81.344802856445312
134361.5;-77.246818542480469;-86.799423217773438
134857;-81.216117858886719;-111.56089019775391
135352.5;-76.425933837890625;-82.034034729003906
135848;-80.882911682128906;-115.56271362304687
136343.5;-75.041717529296875;-90.031913757324219
136839;-75.685478210449219;-88.501533508300781
137334.5;-78.595443725585938;-89.959121704101563
137830;-73.806045532226563;-84.100540161132812
138325.5;-82.274368286132813;-100.23311614990234
138821;-82.001876831054688;-104.30875396728516
139316.5;-79.639595031738281;-104.72376251220703
139812;-80.185081481933594;-88.139266967773438
140307.5;-79.137519836425781;-98.061492919921875
140803;-79.5313720703125;-111.34564971923828
141298.5;-78.654426574707031;-78.654426574707031
141794;-77.85601806640625;-113.35244750976562
142289.5;-76.529571533203125;-85.498359680175781
142785;-78.11297607421875;-78.11297607421875
143280.5;-78.012283325195312;-90.921859741210938
143776;-80.720535278320312;-88.217300415039063
144271.5;-78.362770080566406;-86.038414001464844
144767;-80.663528442382813;-95.078048706054688
145262.5;-78.414695739746094;-87.753257751464844
145758;-77.793258666992188;-95.722099304199219
146253.5;-76.654022216796875;-86.837295532226562
146749;-72.408500671386719;-83.123626708984375
147244.5;-73.022468566894531;-83.066062927246094
147740;-73.608352661132813;-102.36785888671875
148235.5;-77.06304931640625;-108.62944030761719
148731;-74.9322509765625;-86.822853088378906
149226.5;-75.739715576171875;-92.686103820800781
149722;-80.849288940429687;-94.570426940917969
150217.5;-77.194259643554688;-114.32305145263672
150713;-79.779594421386719;-101.66265106201172
151208.5;-78.424301147460938;-91.165313720703125
151704;-76.858993530273438;-93.695877075195313
152199.5;-76.697219848632813;-90.84124755859375
152695;-79.144218444824219;-88.198249816894531
153190.5;-75.160110473632813;-92.941429138183594
153686;-75.495864868164063;-90.910301208496094
154181.5;-79.2862548828125;-115.22394561767578
154677;-75.453849792480469;-92.080459594726563
155172.5;-74.471511840820313;-86.6177978515625
155668;-78.766448974609375;-87.649444580078125
156163.5;-81.573448181152344;-104.39017486572266
156659;-76.284820556640625;-88.843070983886719
157154.5;-77.656532287597656;-103.36259460449219
157650;-77.589591979980469;-90.83837890625
158145.5;-80.257644653320312;-91.327445983886719
158641;-75.664482116699219;-85.436614990234375
159136.5;-76.779716491699219;-90.687858581542969
159632;-82.019500732421875;-96.363471984863281
160127.5;-78.710968017578125;-78.710968017578125
160623;-78.58355712890625;-84.152122497558594
161118.5;-77.917282104492188;-91.382171630859375
161614;-76.025413513183594;-76.025413513183594
162109.5;-76.970870971679687;-86.479690551757812
162605;-74.809669494628906;-87.617752075195313
163100.5;-76.078666687011719;-85.825103759765625
163596;-83.198196411132813;-107.96672058105469
164091.5;-80.135650634765625;-101.25405120849609
164587;-78.559829711914063;-93.272468566894531
165082.5;-75.484115600585937;-85.741851806640625
165578;-75.375740051269531;-90.628944396972656
166073.5;-77.395462036132812;-85.949844360351563
166569;-78.171417236328125;-101.52429962158203
167064.5;-79.561042785644531;-117.93087768554687
167560;-72.71343994140625;-95.474342346191406
168055.5;-74.472381591796875;-108.28108215332031
168551;-77.694931030273437;-87.745216369628906
169046.5;-77.556007385253906;-85.905899047851563
169542;-75.213043212890625;-96.255905151367188
170037.5;-81.753768920898437;-97.061874389648438
170533;-77.492286682128906;-89.055107116699219
171028.5;-74.393943786621094;-85.729118347167969
171524;-74.605728149414063;-83.331153869628906
172019.5;-76.023323059082031;-81.028915405273438
172515;-74.357353210449219;-81.4578857421875
173010.5;-76.643959045410156;-100.19097137451172
173506;-76.280525207519531;-89.874099731445312
174001.5;-78.097763061523438;-89.551994323730469
174497;-77.085960388183594;-98.114303588867187
174992.5;-84.31280517578125;-113.01472473144531
175488;-76.112777709960937;-102.55348205566406
175983.5;-76.504776000976563;-91.592071533203125
176479;-80.962501525878906;-101.88459777832031
176974.5;-78.02734375;-92.775154113769531
177470;-76.715789794921875;-93.933967590332031
177965.5;-82.926704406738281;-90.118492126464844
178461;-78.487655639648438;-105.87348175048828
178956.5;-77.521926879882813;-102.72062683105469
179452;-74.255714416503906;-102.66455841064453
179947.5;-75.633087158203125;-84.888259887695313
180443;-77.766510009765625;-92.407127380371094
180938.5;-77.861152648925781;-111.62338256835937
181434;-79.679939270019531;-102.11237335205078
181929.5;-80.504295349121094;-94.417694091796875
182425;-74.100440979003906;-96.604911804199219
182920.5;-74.935470581054687;-94.301681518554688
183416;-77.756973266601563;-95.1907958984375
183911.5;-76.122764587402344;-83.941108703613281
184407;-77.536155700683594;-86.994140625
184902.5;-77.45233154296875;-93.632415771484375
185398;-79.259017944335937;-92.345573425292969
185893.5;-75.707038879394531;-89.704002380371094
186389;-78.194107055664063;-89.253326416015625
186884.5;-77.651512145996094;-88.897895812988281
187380;-77.383888244628906;-84.198684692382812
187875.5;-81.025215148925781;-89.646377563476562
188371;-73.385040283203125;-107.66333770751953
188866.5;-79.050804138183594;-90.310455322265625
189362;-77.360786437988281;-89.083145141601563
189857.5;-77.077133178710938;-88.833976745605469
190353;-75.539558410644531;-88.578498840332031
190848.5;-80.884735107421875;-87.240509033203125
191344;-76.511932373046875;-104.54148101806641
191839.5;-76.554428100585937;-86.109588623046875
192335;-76.322441101074219;-89.076133728027344
192830.5;-76.307914733886719;-88.884162902832031
193326;-75.4183349609375;-84.742210388183594
193821.5;-79.087013244628906;-100.34365081787109
194317;-75.673477172851563;-93.151992797851563
194812.5;-77.894660949707031;-99.780403137207031
195308;-80.496452331542969;-89.139511108398438
195803.5;-75.72210693359375;-83.420936584472656
196299;-77.126045227050781;-91.664230346679688
196794.5;-76.587135314941406;-85.694190979003906
197290;-76.427566528320312;-109.37108612060547
197785.5;-76.192535400390625;-81.559661865234375
198281;-80.220443725585937;-85.425849914550781
198776.5;-73.244461059570313;-87.464881896972656
199272;-76.751945495605469;-106.81202697753906
199767.5;-75.890090942382812;-97.457839965820313
200263;-74.841400146484375;-93.283843994140625
200758.5;-73.508049011230469;-80.275459289550781
201254;-78.424301147460938;-85.660980224609375
201749.5;-82.19775390625;-82.19775390625
202245;-74.922630310058594;-87.263252258300781
202740.5;-77.413764953613281;-91.461830139160156
203236;-78.408538818359375;-89.972076416015625
203731.5;-71.231010437011719;-87.374053955078125
204227;-77.71197509765625;-86.979423522949219
204722.5;-78.158775329589844;-93.325714111328125
205218;-75.769477844238281;-89.744331359863281
205713.5;-75.599319458007812;-89.2247314453125
206209;-77.24981689453125;-107.19895172119141
206704.5;-77.77032470703125;-87.244293212890625
207200;-83.45025634765625;-97.513267517089844
207695.5;-79.216079711914063;-93.276260375976563
208191;-76.769500732421875;-86.141227722167969
208686.5;-79.067787170410156;-91.428031921386719
209182;-78.335563659667969;-99.550880432128906
209677.5;-73.0228271484375;-82.49407958984375
210173;-77.102439880371094;-85.438156127929688
210668.5;-77.792625427246094;-101.26355743408203
211164;-77.570297241210937;-103.26621246337891
211659.5;-79.272628784179688;-102.92554473876953
212155;-78.335563659667969;-84.752143859863281
212650.5;-75.812034606933594;-87.246185302734375
213146;-75.673477172851563;-84.991401672363281
213641.5;-76.4019775390625;-92.897743225097656
214137;-74.619438171386719;-84.397010803222656
214632.5;-74.676742553710938;-84.204017639160156
215128;-77.627693176269531;-93.783897399902344
215623.5;-77.483055114746094;-85.022140502929688
216119;-83.138961791992188;-97.924400329589844
216614.5;-79.952117919921875;-89.943595886230469
217110;-76.954048156738281;-86.189735412597656
217605.5;-73.3946533203125;-87.198951721191406
218101;-77.221092224121094;-88.902473449707031
218596.5;-76.602691650390625;-102.30328369140625
219092;-74.921257019042969;-87.326126098632813
219587.5;-82.93707275390625;-99.064826965332031
220083;-79.539169311523438;-99.449928283691406
220578.5;-78.294914245605469;-89.2342529296875
221074;-77.858589172363281;-93.133308410644531
221569.5;-78.820854187011719;-93.394645690917969
222065;-79.100357055664063;-95.722099304199219
222560.5;-78.525749206542969;-90.612174987792969
223056;-76.692718505859375;-83.338394165039063
223551.5;-72.754776000976562;-89.938430786132813
224047;-74.909339904785156;-100.12396240234375
224542.5;-77.039031982421875;-110.73020935058594
225038;-79.710914611816406;-106.83007049560547
225533.5;-74.586296081542969;-98.200790405273438
226029;-72.842010498046875;-92.52459716796875
226524.5;-81.079994201660156;-92.552474975585937
227020;-78.313186645507813;-88.276824951171875
227515.5;-73.439369201660156;-86.088005065917969
228011;-73.011054992675781;-90.211280822753906
228506.5;-79.608085632324219;-105.95473480224609
229002;-76.795631408691406;-99.828659057617188
229497.5;-75.446533203125;-92.338768005371094
229993;-79.388374328613281;-98.074661254882813
230488.5;-79.373825073242188;-86.942764282226563
230984;-75.541534423828125;-97.40887451171875
231479.5;-74.442825317382813;-84.479270935058594
231975;-80.666191101074219;-90.313156127929687
232470.5;-85.456634521484375;-96.599357604980469
232966;-81.259750366210937;-89.289207458496094
233461.5;-78.714515686035156;-92.569938659667969
233957;-80.531356811523438;-108.34534454345703
234452.5;-74.5440673828125;-86.299453735351563
234948;-73.720993041992188;-85.764183044433594
235443.5;-82.873863220214844;-82.873863220214844
235939;-79.047119140625;-96.390571594238281
236434.5;-77.936073303222656;-85.697364807128906
236930;-75.271072387695312;-85.509208679199219
237425.5;-79.392982482910156;-107.98733520507812
237921;-76.004096984863281;-84.350730895996094
238416.5;-75.953872680664062;-93.036842346191406
238912;-74.812385559082031;-84.334457397460938
239407.5;-80.346214294433594;-85.408973693847656
239903;-78.357330322265625;-85.3707275390625
240398.5;-78.905288696289063;-88.366874694824219
240894;-80.662643432617187;-89.8026123046875
241389.5;-75.53070068359375;-91.035408020019531
241885;-80.069068908691406;-123.69599151611328
242380.5;-77.847023010253906;-94.916206359863281
242876;-81.447189331054688;-95.017578125
243371.5;-78.960578918457031;-92.203620910644531
243867;-78.631912231445313;-87.12017822265625
244362.5;-81.25689697265625;-104.70960998535156
244858;-76.510833740234375;-84.475135803222656
245353.5;-79.68865966796875;-117.36624908447266
245849;-75.982315063476562;-100.52525329589844
246344.5;-74.970893859863281;-112.68965148925781
246840;-79.952117919921875;-95.81304931640625
247335.5;-79.240913391113281;-85.992378234863281
247831;-76.172927856445312;-94.065895080566406
248326.5;-88.047370910644531;-102.73188781738281
248822;-78.471084594726563;-90.693496704101563
249317.5;-74.577476501464844;-105.77696990966797
249813;-77.77923583984375;-77.77923583984375
250308.5;-76.097015380859375;-81.355369567871094
250804;-81.830604553222656;-104.40383148193359
251299.5;-83.024017333984375;-104.82352447509766
251795;-74.898818969726562;-94.396102905273438
252290.5;-73.885421752929688;-86.353988647460938
252786;-72.976905822753906;-87.956443786621094
253281.5;-85.03387451171875;-98.424301147460938
253777;-75.229652404785156;-83.684669494628906
254272.5;-76.3775634765625;-85.181976318359375
254768;-81.170822143554688;-89.547050476074219
255263.5;-73.119895935058594;-81.237907409667969
255759;-81.792091369628906;-97.650253295898437
256254.5;-77.424758911132813;-87.045814514160156
256750;-78.138168334960937;-95.833396911621094
257245.5;-77.812423706054687;-90.050209045410156
257741;-78.054267883300781;-89.982444763183594
258236.5;-75.857872009277344;-82.66790771484375
258732;-73.349006652832031;-86.621322631835938
259227.5;-76.785400390625;-85.201423645019531
259723;-80.43829345703125;-98.355964660644531
260218.5;-75.050086975097656;-83.856071472167969
260714;-75.251052856445313;-91.532913208007812
261209.5;-77.561592102050781;-93.189453125
261705;-72.742286682128906;-83.14959716796875
262200.5;-74.968597412109375;-83.952774047851563
262696;-74.987968444824219;-93.49908447265625
263191.5;-73.705841064453125;-99.764373779296875
263687;-74.277816772460938;-83.747756958007813
264182.5;-77.675399780273438;-96.853263854980469
264678;-80.546234130859375;-109.76708984375
265173.5;-79.900733947753906;-92.703842163085938
265669;-80.012863159179688;-108.45351409912109
266164.5;-76.385147094726563;-90.968269348144531
266660;-79.823013305664063;-107.9461669921875
267155.5;-80.486007690429688;-93.759803771972656
267651;-76.418853759765625;-76.418853759765625
268146.5;-78.063468933105469;-87.133262634277344
268642;-76.601028442382813;-93.632415771484375
269137.5;-76.830398559570312;-98.625587463378906
269633;-76.110671997070312;-84.390182495117187
270128.5;-77.615806579589844;-89.792449951171875
270624;-79.597877502441406;-90.642929077148438
271119.5;-80.476448059082031;-92.905006408691406
271615;-78.472457885742187;-84.113739013671875
272110.5;-77.194854736328125;-84.375198364257813
272606;-77.190681457519531;-106.28757476806641
273101.5;-79.592384338378906;-101.21611785888672
273597;-79.645912170410156;-108.36686706542969
274092.5;-80.329971313476563;-108.83170318603516
274588;-80.449554443359375;-101.2066650390625
275083.5;-78.316574096679688;-93.018409729003906
275579;-76.860137939453125;-87.189544677734375
276074.5;-76.447761535644531;-107.60391235351562
276570;-74.1754150390625;-87.501876831054688
277065.5;-75.838996887207031;-105.97107696533203
277561;-80.846572875976563;-99.788429260253906
278056.5;-80.876541137695313;-92.84344482421875
278552;-74.055931091308594;-88.759246826171875
279047.5;-75.717582702636719;-92.311561584472656
279543;-82.61328125;-99.312049865722656
280038.5;-75.571609497070313;-90.693496704101563
280534;-75.573089599609375;-103.89977264404297
281029.5;-74.390068054199219;-91.006149291992188
281525;-72.317337036132812;-85.935173034667969
282020.5;-76.550010681152344;-108.04944610595703
282516;-75.480209350585937;-86.445075988769531
283011.5;-75.069190979003906;-99.388381958007813
283507;-74.6416015625;-89.160736083984375
284002.5;-74.658485412597656;-87.016242980957031
284498;-78.288833618164063;-104.37655639648437
284993.5;-76.896316528320312;-76.896316528320312
285489;-78.851799011230469;-78.851799011230469
285984.5;-79.726837158203125;-86.593162536621094
286480;-77.448646545410156;-110.95954895019531
286975.5;-78.672050476074219;-78.672050476074219
287471;-79.895858764648438;-106.79402923583984
287966.5;-81.05859375;-116.72255706787109
288462;-76.411773681640625;-88.375503540039063
288957.5;-78.4332275390625;-93.502983093261719
289453;-76.235626220703125;-85.158111572265625
289948.5;-76.33807373046875;-92.0408935546875
290444;-73.644287109375;-92.739425659179688
290939.5;-75.409126281738281;-87.018096923828125
291435;-77.311759948730469;-91.71478271484375
291930.5;-79.230369567871094;-96.67755126953125
292426;-75.417861938476563;-91.467987060546875
292921.5;-77.449867248535156;-77.449867248535156
293417;-78.118270874023438;-86.275711059570313
293912.5;-73.842002868652344;-85.481338500976563
294408;-78.916175842285156;-93.683944702148438
294903.5;-78.021453857421875;-89.646377563476562
295399;-74.729934692382812;-92.583938598632813
295894.5;-77.915985107421875;-86.236831665039063
296390;-76.98248291015625;-105.32505035400391
296885.5;-75.743232727050781;-106.61603546142578
297381;-79.338691711425781;-103.37471771240234
297876.5;-81.496894836425781;-89.448844909667969
298372;-75.596839904785156;-92.050765991210937
298867.5;-80.954231262207031;-91.692634582519531
299363;-82.800880432128906;-99.582183837890625
299858.5;-77.351692199707031;-91.585830688476562
300354;-75.191261291503906;-86.458900451660156
300849.5;-78.233619689941406;-87.673294067382812
301345;-81.078132629394531;-107.23671722412109
301840.5;-78.191444396972656;-87.289863586425781
302336;-75.825759887695313;-92.974342346191406
302831.5;-75.476783752441406;-100.61307525634766
303327;-80.608650207519531;-99.716484069824219
303822.5;-80.051666259765625;-93.913536071777344
304318;-78.172088623046875;-119.33486938476562
304813.5;-77.196632385253906;-98.940170288085938
305309;-81.335197448730469;-92.514167785644531
305804.5;-80.842941284179688;-106.49356842041016
306300;-79.734016418457031;-88.353950500488281
306795.5;-77.835472106933594;-84.216041564941406
307291;-73.837547302246094;-104.75214385986328
307786.5;-77.331703186035156;-77.331703186035156
308282;-78.055572509765625;-89.132438659667969
308777.5;-77.942558288574219;-106.79402923583984
309273;-77.444969177246094;-101.50471496582031
309768.5;-79.912124633789063;-95.348236083984375
310264;-77.827781677246094;-100.38655090332031
310759.5;-78.095123291015625;-92.718055725097656
311255;-79.163627624511719;-87.989395141601563
311750.5;-82.405746459960938;-96.818977355957031
312246;-79.470024108886719;-97.744903564453125
312741.5;-80.190116882324219;-91.9525146484375
313237;-76.065055847167969;-91.573341369628906
313732.5;-77.315994262695313;-98.134178161621094
314228;-76.308990478515625;-118.06149291992187
314723.5;-72.507919311523438;-98.472465515136719
315219;-73.015098571777344;-99.629341125488281
315714.5;-74.853218078613281;-90.875709533691406
316210;-74.956161499023437;-87.414520263671875
316705.5;-76.859573364257812;-89.203346252441406
317201;-79.225852966308594;-88.729988098144531
317696.5;-80.059944152832031;-92.626068115234375
318192;-78.202133178710938;-87.964668273925781
318687.5;-78.657943725585937;-91.991676330566406
319183;-81.2218017578125;-94.925376892089844
319678.5;-84.446273803710938;-106.32157135009766
320174;-84.591583251953125;-97.317794799804687
320669.5;-79.728431701660156;-94.267608642578125
321165;-78.686180114746094;-78.686180114746094
321660.5;-72.922111511230469;-79.839149475097656
322156;-74.371971130371094;-86.77069091796875
322651.5;-79.87799072265625;-79.87799072265625
323147;-77.215126037597656;-92.345573425292969
323642.5;-76.865303039550781;-84.850799560546875
324138;-76.71917724609375;-83.313064575195313
324633.5;-78.1322021484375;-97.606430053710938
325129;-81.378471374511719;-93.561576843261719
325624.5;-75.391693115234375;-86.296058654785156
326120;-76.3564453125;-76.3564453125
326615.5;-76.679237365722656;-87.673294067382812
327111;-75.079917907714844;-84.003494262695313
327606.5;-75.231071472167969;-90.278167724609375
328102;-83.7718505859375;-96.439567565917969
328597.5;-77.019744873046875;-92.004776000976563
329093;-80.855644226074219;-89.90234375
329588.5;-81.590232849121094;-81.590232849121094
330084;-81.403579711914063;-95.833396911621094
330579.5;-78.103057861328125;-93.011054992675781
331075;-79.86907958984375;-96.472389221191406
331570.5;-82.842994689941406;-92.836235046386719
332066;-77.387542724609375;-113.01472473144531
332561.5;-73.307418823242188;-95.096733093261719
333057;-75.851234436035156;-86.559844970703125
333552.5;-78.547988891601563;-86.840919494628906
334048;-76.321365356445313;-85.119468688964844
334543.5;-74.982894897460938;-86.059867858886719
335039;-80.505165100097656;-93.044219970703125
335534.5;-79.116683959960938;-92.55596923828125
336030;-76.317596435546875;-95.85888671875
336525.5;-78.343719482421875;-88.700820922851563
337021;-78.909645080566406;-93.495193481445312
337516.5;-77.848945617675781;-92.836235046386719
338012;-85.530952453613281;-109.51747894287109
338507.5;-75.15069580078125;-88.723243713378906
339003;-78.785743713378906;-85.26904296875
339498.5;-76.311134338378906;-100.15739440917969
339994;-75.820159912109375;-80.8203125
340489.5;-77.14910888671875;-82.315071105957031
340985;-75.877799987792969;-84.782051086425781
341480.5;-79.105552673339844;-100.17417144775391
341976;-82.071548461914063;-92.707389831542969
342471.5;-79.843994140625;-94.61456298828125
342967;-76.449951171875;-89.93585205078125
343462.5;-79.299903869628906;-115.51349639892578
343958;-79.354713439941406;-93.70782470703125
344453.5;-74.310661315917969;-93.799995422363281
344949;-75.321800231933594;-85.042694091796875
345444.5;-81.32177734375;-81.32177734375
345940;-76.062973022460937;-87.917465209960938
346435.5;-76.303611755371094;-93.616622924804688
346931;-77.950996398925781;-106.28757476806641
347426.5;-79.597084045410156;-111.25502014160156
347922;-85.863784790039062;-114.80693817138672
348417.5;-77.477508544921875;-88.341049194335937
348913;-79.799667358398437;-93.828239440917969
349408.5;-80.083999633789063;-95.602294921875
349904;-74.911628723144531;-101.92556762695312
350399.5;-74.593795776367188;-93.2686767578125
350895;-79.668846130371094;-109.06211090087891
351390.5;-78.665695190429688;-87.558631896972656
351886;-76.832679748535156;-84.369758605957031
352381.5;-77.586471557617187;-95.314605712890625
352877;-79.726043701171875;-96.008247375488281
353372.5;-79.384552001953125;-100.36936187744141
353868;-79.027976989746094;-88.304595947265625
354363.5;-75.925018310546875;-84.853668212890625
354859;-77.574020385742188;-77.574020385742188
355354.5;-72.70953369140625;-86.035110473632813
355850;-75.853782653808594;-89.473297119140625
356345.5;-74.970893859863281;-86.77069091796875
356841;-74.320480346679688;-87.393295288085937
357336.5;-75.016189575195313;-90.517791748046875
357832;-84.698295593261719;-90.345573425292969
358327.5;-80.275459289550781;-80.275459289550781
358823;-74.591148376464844;-86.319869995117188
359318.5;-75.928611755371094;-85.285659790039063
359814;-80.728591918945313;-114.153564453125
360309.5;-77.475051879882813;-86.658424377441406
360805;-74.58453369140625;-84.757835388183594
361300.5;-76.840103149414063;-86.225028991699219
361796;-82.862419128417969;-90.369964599609375
362291.5;-76.016044616699219;-91.972068786621094
362787;-76.474586486816406;-85.241935729980469
363282.5;-78.353919982910156;-91.610832214355469
363778;-78.388694763183594;-93.215782165527344
364273.5;-78.723739624023437;-91.467987060546875
364769;-80.922157287597656;-89.8997802734375
365264.5;-77.310554504394531;-90.092170715332031
365760;-78.018829345703125;-88.521270751953125
366255.5;-77.878532409667969;-84.431182861328125
366751;-77.312965393066406;-88.210945129394531
367246.5;-77.399116516113281;-98.328781127929688
367742;-77.1207275390625;-96.118034362792969
368237.5;-79.013282775878906;-127.40872192382812
368733;-75.691993713378906;-86.859016418457031
369228.5;-76.072906494140625;-100.604248046875
369724;-77.23663330078125;-90.786972045898437
370219.5;-76.868736267089844;-86.810234069824219
370715;-77.434555053710937;-85.216407775878906
371210.5;-79.019157409667969;-85.010421752929688
371706;-80.051666259765625;-86.48663330078125
372201.5;-80.544486999511719;-98.328781127929688
372697;-75.535125732421875;-94.174575805664063
373192.5;-76.25323486328125;-90.682235717773438
373688;-76.370513916015625;-91.765640258789063
374183.5;-75.029640197753906;-91.126731872558594
374679;-83.022857666015625;-92.897743225097656
375174.5;-74.780303955078125;-86.81744384765625
375670;-76.618278503417969;-100.40376281738281
376165.5;-82.321517944335938;-129.8433837890625
376661;-82.102935791015625;-101.87438201904297
377156.5;-77.005172729492188;-88.177139282226562
377652;-78.305740356445312;-89.490447998046875
378147.5;-80.511268615722656;-100.72859191894531
378643;-76.188819885253906;-95.348236083984375
379138.5;-77.670356750488281;-88.189804077148438
379634;-75.097679138183594;-84.280433654785156
380129.5;-75.005538940429687;-81.980155944824219
380625;-82.153373718261719;-94.280372619628906
381120.5;-78.901664733886719;-102.7657470703125
381616;-78.881393432617188;-78.881393432617188
382111.5;-76.541160583496094;-89.698982238769531
382607;-81.615951538085938;-115.22394561767578
383102.5;-82.093505859375;-114.19562530517578
383598;-77.763961791992188;-91.607711791992188
384093.5;-78.57098388671875;-98.674873352050781
384589;-79.078132629394531;-93.731781005859375
385084.5;-75.8206787109375;-87.807647705078125
385580;-77.696823120117187;-105.80902862548828
386075.5;-78.765022277832031;-96.049911499023438
386571;-79.461517333984375;-87.086639404296875
387066.5;-75.689491271972656;-93.1632080078125
387562;-75.228706359863281;-94.856849670410156
388057.5;-78.070053100585938;-99.365409851074219
388553;-79.008872985839844;-96.255905151367188
389048.5;-76.349960327148438;-90.90740966796875
389544;-81.152015686035156;-111.49884796142578
390039.5;-81.228424072265625;-103.47230529785156
390535;-80.507781982421875;-89.101890563964844
391030.5;-80.969856262207031;-98.710250854492188
391526;-77.196632385253906;-89.922943115234375
392021.5;-77.341995239257813;-86.376243591308594
392517;-77.324447631835938;-94.843215942382812
393012.5;-78.967147827148438;-87.429985046386719
393508;-77.502151489257813;-84.686996459960938
394003.5;-79.274139404296875;-103.95147705078125
394499;-81.677597045898438;-87.927703857421875
394994.5;-76.109619140625;-102.69815826416016
395490;-75.94097900390625;-101.55376434326172
395985.5;-76.128036499023437;-106.33861541748047
396481;-75.998382568359375;-82.503952026367188
396976.5;-77.918571472167969;-87.165107727050781
397472;-77.897880554199219;-90.738693237304688
397967.5;-79.017692565917969;-92.703842163085938
398463;-78.49871826171875;-103.36259460449219
398958.5;-78.476600646972656;-84.954940795898437
399454;-78.280059814453125;-103.63327789306641
399949.5;-75.040794372558594;-89.774688720703125
400445;-75.99163818359375;-83.549942016601563
400940.5;-75.733169555664063;-93.510765075683594
401436;-79.357765197753906;-100.604248046875
401931.5;-80.405487060546875;-98.903839111328125
402427;-73.169204711914063;-84.412025451660156
402922.5;-77.375373840332031;-114.36594390869141
403418;-78.650894165039063;-110.47922515869141
403913.5;-77.377799987792969;-85.41357421875
404409;-77.826507568359375;-89.532257080078125
404904.5;-77.203781127929688;-91.932991027832031
405400;-78.18609619140625;-96.128562927246094
405895.5;-77.485511779785156;-92.629592895507813
406391;-85.243431091308594;-104.59716796875
406886.5;-74.994903564453125;-84.5303955078125
407382;-75.468971252441406;-111.81358337402344
407877.5;-80.509529113769531;-95.894699096679688
408373;-81.916328430175781;-105.49371337890625
408868.5;-74.900192260742187;-89.390457153320313
409364;-76.157585144042969;-92.956047058105469
409859.5;-74.891960144042969;-94.667823791503906
410355;-79.583747863769531;-106.79402923583984
410850.5;-79.737205505371094;-100.19937896728516
411346;-82.603279113769531;-95.343429565429687
411841.5;-78.866218566894531;-96.705657958984375
412337;-79.480094909667969;-93.950355529785156
412832.5;-79.835113525390625;-88.698577880859375
413328;-78.1680908203125;-78.1680908203125
413823.5;-75.874221801757813;-103.25424194335937
414319;-80.983657836914062;-93.148246765136719
414814.5;-78.655830383300781;-78.655830383300781
415310;-76.740623474121094;-109.15601348876953
415805.5;-81.581344604492188;-100.90936279296875
416301;-81.076263427734375;-93.174446105957031
416796.5;-82.725128173828125;-99.146461486816406
417292;-81.425834655761719;-90.100059509277344
417787.5;-82.717254638671875;-94.971359252929688
418283;-80.074867248535156;-112.83263397216797
418778.5;-79.312049865722656;-93.577262878417969
419274;-74.365951538085938;-83.792198181152344
419769.5;-76.546684265136719;-94.943740844726563
420265;-78.472457885742187;-95.797828674316406
420760.5;-80.208641052246094;-91.890853881835938
421256;-81.162353515625;-92.814628601074219
421751.5;-79.7659912109375;-89.709037780761719
422247;-77.887557983398437;-77.887557983398437
422742.5;-78.135513305664062;-106.88441467285156
423238;-81.335197448730469;-92.190223693847656
423733.5;-77.781791687011719;-86.736679077148438
424229;-79.759574890136719;-85.579292297363281
424724.5;-80.45648193359375;-104.09526062011719
425220;-79.835914611816406;-86.52490234375
425715.5;-77.960746765136719;-92.26080322265625
426211;-77.612678527832031;-90.959541320800781
426706.5;-81.61297607421875;-89.022506713867188
427202;-80.778823852539062;-88.818069458007813
427697.5;-82.68133544921875;-96.13909912109375
428193;-73.83917236328125;-104.52761840820312
428688.5;-73.873222351074219;-96.445030212402344
429184;-79.662513732910156;-109.92037200927734
429679.5;-77.059532165527344;-85.314430236816406
430175;-78.236976623535156;-88.687393188476563
430670.5;-76.190414428710938;-102.27116394042969
431166;-79.985725402832031;-97.144371032714844
431661.5;-80.140663146972656;-93.581192016601563
432157;-80.030181884765625;-80.030181884765625
432652.5;-80.074867248535156;-80.074867248535156
433148;-79.3143310546875;-112.90501403808594
433643.5;-75.833389282226563;-93.302848815917969
434139;-80.5963134765625;-108.85447692871094
434634.5;-81.059524536132813;-98.315216064453125
435130;-78.556350708007812;-111.31533050537109
435625.5;-75.764427185058594;-88.732231140136719
436121;-79.010353088378906;-92.507225036621094
436616.5;-78.511871337890625;-78.511871337890625
437112;-78.86260986328125;-92.196922302246094
437607.5;-84.442153930664062;-98.022102355957031
438103;-76.978416442871094;-91.526710510253906
438598.5;-77.206764221191406;-95.562713623046875
439094;-78.362091064453125;-96.516334533691406
439589.5;-80.689315795898438;-89.889495849609375
440085;-83.098907470703125;-107.82382202148437
440580.5;-78.532691955566406;-101.89482116699219
441076;-81.032623291015625;-90.094795227050781
441571.5;-80.646675109863281;-95.064056396484375
442067;-73.891937255859375;-84.832122802734375
442562.5;-77.156814575195313;-93.549819946289063
443058;-78.324028015136719;-127.03101348876953
443553.5;-77.892723083496094;-111.59207916259766
444049;-75.499290466308594;-91.452606201171875
444544.5;-75.463600158691406;-81.224639892578125
445040;-77.28704833984375;-84.508247375488281
445535.5;-81.816398620605469;-98.548683166503906
446031;-83.166152954101563;-111.975341796875
446526.5;-81.548843383789063;-87.743217468261719
447022;-77.481819152832031;-94.566024780273438
447517.5;-80.548873901367188;-95.818130493164063
448013;-82.054862976074219;-110.81550598144531
448508.5;-80.506034851074219;-104.89547729492187
449004;-77.469520568847656;-77.469520568847656
449499.5;-82.162864685058594;-124.08209228515625
449995;-78.423622131347656;-97.044296264648437
450490.5;-76.561622619628906;-97.544212341308594
450986;-76.483360290527344;-84.0518798828125
451481.5;-80.9066162109375;-96.9395751953125
451977;-81.5233154296875;-96.034263610839844
452472.5;-81.17364501953125;-108.49716186523437
452968;-77.358360290527344;-116.49982452392578
453463.5;-80.7635498046875;-99.072212219238281
453959;-80.547111511230469;-100.93680572509766
454454.5;-83.057868957519531;-100.09064483642578
454950;-79.630928039550781;-98.355964660644531
455445.5;-76.824119567871094;-86.429534912109375
455941;-77.610809326171875;-77.610809326171875
456436.5;-78.999343872070312;-110.73020935058594
456932;-80.726799011230469;-97.4947509765625
457427.5;-86.438163757324219;-95.281089782714844
457923;-81.505691528320312;-107.40872192382812
458418.5;-76.590461730957031;-86.253715515136719
458914;-78.787178039550781;-94.242134094238281
459409.5;-73.609138488769531;-106.95740509033203
459905;-80.679527282714844;-109.37108612060547
460400.5;-79.908058166503906;-95.946136474609375
460896;-78.319282531738281;-86.068130493164063
461391.5;-82.449256896972656;-95.425621032714844
461887;-80.724113464355469;-104.21469879150391
462382.5;-81.093978881835938;-90.741523742675781
462878;-77.970512390136719;-102.49847412109375
463373.5;-81.626853942871094;-97.814979553222656
463869;-76.579360961914063;-93.675994873046875
464364.5;-84.682769775390625;-93.983207702636719
464860;-76.060874938964844;-89.373504638671875
465355.5;-75.879844665527344;-87.165107727050781
465851;-75.340057373046875;-84.594367980957031
466346.5;-79.749191284179688;-104.63915252685547
466842;-79.47698974609375;-86.720619201660156
467337.5;-74.289321899414063;-93.731781005859375
467833;-74.166168212890625;-90.118492126464844
468328.5;-81.580360412597656;-100.65732574462891
468824;-81.623878479003906;-87.35101318359375
469319.5;-81.5635986328125;-95.622138977050781
469815;-79.381484985351562;-87.63555908203125
470310.5;-80.049186706542969;-90.818351745605469
470806;-78.449722290039063;-97.814979553222656
471301.5;-78.083900451660156;-96.660736083984375
471797;-79.041229248046875;-84.1654052734375
472292.5;-77.75189208984375;-77.75189208984375
472788;-80.610420227050781;-89.064445495605469
473283.5;-77.058357238769531;-89.043449401855469
473779;-73.505317687988281;-73.505317687988281
474274.5;-78.054924011230469;-87.291770935058594
474770;-82.180824279785156;-97.354118347167969
475265.5;-75.513015747070312;-99.480865478515625
475761;-77.348052978515625;-87.803604125976563
476256.5;-78.831642150878906;-93.129585266113281
476752;-78.515342712402344;-97.898529052734375
477247.5;-80.515640258789063;-106.25370788574219
477743;-80.628089904785156;-101.1689453125
478238.5;-78.045066833496094;-90.013656616210938
478734;-76.726509094238281;-84.303352355957031
479229.5;-78.58355712890625;-100.79143524169922
479725;-80.803146362304688;-98.234291076660156
480220.5;-78.355278015136719;-85.217903137207031
480716;-81.272117614746094;-95.853782653808594
481211.5;-80.853828430175781;-111.46798706054687
481707;-75.345840454101563;-83.504264831542969
482202.5;-79.714889526367188;-101.70258331298828
482698;-76.198898315429687;-84.342597961425781
483193.5;-84.560928344726563;-100.10729217529297
483689;-79.213821411132812;-87.927703857421875
484184.5;-76.129615783691406;-87.505775451660156
484680;-81.251197814941406;-91.44952392578125
485175.5;-80.094802856445313;-105.08541870117187
485671;-84.22540283203125;-97.162155151367188
486166.5;-81.549827575683594;-101.97705841064453
486662;-79.016952514648438;-93.979087829589844
487157.5;-79.888542175292969;-114.58364105224609
487653;-75.303581237792969;-88.313163757324219
488148.5;-83.491958618164063;-96.773468017578125
488644;-83.934638977050781;-94.469764709472656
489139.5;-80.918495178222656;-94.229423522949219
489635;-76.493240356445313;-90.380836486816406
490130.5;-88.696342468261719;-97.814979553222656
490626;-79.921897888183594;-93.950355529785156
491121.5;-76.990036010742187;-93.925796508789063
491617;-77.185325622558594;-91.604583740234375
492112.5;-80.492103576660156;-86.839111328125
492608;-79.781204223632813;-108.45351409912109
493103.5;-76.525154113769531;-95.617179870605469
493599;-76.540611267089844;-85.740264892578125
494094.5;-78.996406555175781;-86.880783081054687
494590;-79.600234985351563;-85.788185119628906
495085.5;-78.303031921386719;-91.894081115722656
495581;-77.684837341308594;-96.245216369628906
496076.5;-76.034782409667969;-100.86382293701172
496572;-73.923347473144531;-83.064895629882813
497067.5;-80.463417053222656;-93.668052673339844
497563;-79.501029968261719;-89.383186340332031
498058.5;-77.614555358886719;-91.180198669433594
498554;-79.637229919433594;-92.200271606445313
499049.5;-79.459197998046875;-104.89547729492187
499545;-80.0640869140625;-93.739768981933594
500040.5;-80.996559143066406;-107.23671722412109
500536;-81.872337341308594;-97.026748657226562
501031.5;-81.302642822265625;-102.16497802734375
501527;-82.375419616699219;-109.51747894287109
502022.5;-78.706008911132813;-90.435356140136719
502518;-79.854507446289062;-94.51776123046875
503013.5;-79.563392639160156;-87.560600280761719
503509;-81.115463256835938;-87.933860778808594
504004.5;-79.297622680664063;-110.90164947509766
504500;-75.985420227050781;-85.568351745605469
504995.5;-75.306930541992188;-84.984092712402344
505491;-79.274894714355469;-90.640129089355469
505986.5;-82.624404907226563;-90.321250915527344
506482;-79.832687377929688;-89.825523376464844
506977.5;-79.753982543945313;-87.04766845703125
507473;-81.125762939453125;-95.930671691894531
507968.5;-77.647117614746094;-110.076416015625
508464;-81.7376708984375;-89.959121704101563
508959.5;-82.571159362792969;-82.571159362792969
509455;-80.751876831054688;-98.969329833984375
509950.5;-78.859725952148438;-135.86399841308594
510446;-78.856117248535156;-93.468009948730469
510941.5;-77.835472106933594;-96.945358276367188
511437;-77.912750244140625;-91.648490905761719
511932.5;-82.751060485839844;-105.77696990966797
512428;-79.634071350097656;-107.42804718017578
512923.5;-79.417556762695313;-90.189987182617188
513419;-79.757980346679687;-96.610481262207031
513914.5;-80.936805725097656;-99.213821411132813
514410;-78.790756225585938;-89.132438659667969
514905.5;-80.098960876464844;-103.05319976806641
515401;-78.060844421386719;-89.904922485351563
515896.5;-79.783607482910156;-99.449928283691406
516392;-79.5126953125;-86.149566650390625
516887.5;-79.43218994140625;-108.02869415283203
517383;-82.87042236328125;-91.6705322265625
517878.5;-85.418182373046875;-95.003684997558594
518374;-81.439422607421875;-98.396903991699219
518869.5;-79.808517456054688;-88.813529968261719
519365;-78.665695190429688;-90.781272888183594
519860.5;-77.863082885742188;-89.746856689453125
520356;-82.934768676757812;-89.579208374023437
520851.5;-79.32574462890625;-85.828315734863281
521347;-80.240715026855469;-88.811256408691406
521842.5;-80.245796203613281;-80.245796203613281
522338;-79.629341125488281;-103.20652008056641
522833.5;-78.469703674316406;-96.616043090820313
523329;-84.870948791503906;-92.3013916015625
523824.5;-79.422172546386719;-88.678451538085938
524320;-78.613655090332031;-90.81549072265625
524815.5;-84.5013427734375;-113.78388977050781
525311;-91.103065490722656;-110.4517822265625
525806.5;-81.64373779296875;-94.561630249023438
526302;-78.40032958984375;-88.451339721679688
526797.5;-85.714813232421875;-94.847755432128906
527293;-81.5478515625;-96.170799255371094
527788.5;-81.562614440917969;-96.472389221191406
528284;-79.008872985839844;-89.485542297363281
528779.5;-81.525276184082031;-97.808578491210937
529275;-78.864051818847656;-97.525634765625
529770.5;-79.304458618164063;-90.470985412597656
530266;-82.388397216796875;-82.388397216796875
530761.5;-82.61328125;-93.565498352050781
531257;-79.411415100097656;-88.838523864746094
531752.5;-81.791084289550781;-97.519447326660156
532248;-76.292869567871094;-91.225006103515625
532743.5;-74.296134948730469;-82.028846740722656
533239;-78.011634826660156;-107.90519714355469
533734.5;-77.865013122558594;-108.62944030761719
534230;-78.253776550292969;-84.969505310058594
534725.5;-83.218421936035156;-90.315849304199219
535221;-76.561622619628906;-86.839111328125
535716.5;-78.6671142578125;-90.581527709960937
536212;-79.529815673828125;-95.982307434082031
536707.5;-83.1295166015625;-100.09896087646484
537203;-74.758682250976563;-90.205955505371094
537698.5;-75.269638061523438;-98.731544494628906
538194;-78.244361877441406;-85.109092712402344
538689.5;-80.267822265625;-92.55596923828125
539185;-80.919418334960938;-87.0810546875
539680.5;-77.926994323730469;-87.2974853515625
540176;-81.662635803222656;-88.964591979980469
540671.5;-79.074440002441406;-100.17417144775391
541167;-79.815765380859375;-85.74822998046875
541662.5;-81.269264221191406;-98.632606506347656
542158;-83.183937072753906;-104.76637268066406
542653.5;-79.984893798828125;-97.174026489257813
543149;-79.627769470214844;-89.380767822265625
543644.5;-79.904800415039063;-95.054740905761719
544140;-76.478424072265625;-89.363822937011719
544635.5;-81.263557434082031;-86.607231140136719
545131;-78.898773193359375;-84.728019714355469
545626.5;-81.3284912109375;-81.3284912109375
546122;-80.308631896972656;-98.465560913085938
546617.5;-81.110794067382812;-90.76422119140625
547113;-82.016387939453125;-93.276260375976563
547608.5;-76.348335266113281;-112.54898834228516
548104;-78.388694763183594;-105.71321868896484
548599.5;-83.355323791503906;-95.195518493652344
549095;-81.703575134277344;-98.983963012695312
549590.5;-82.932456970214844;-95.266769409179688
550086;-81.976020812988281;-94.284629821777344
550581.5;-78.922714233398438;-94.465408325195313
551077;-82.578895568847656;-95.489006042480469
551572.5;-84.333099365234375;-101.99773406982422
552068;-74.200698852539063;-97.366249084472656
552563.5;-78.956932067871094;-94.128425598144531
553059;-79.77398681640625;-97.989410400390625
553554.5;-81.662635803222656;-95.362701416015625
554050;-80.778823852539062;-104.26831817626953
554545.5;-83.425819396972656;-83.425819396972656
555041;-83.255439758300781;-83.255439758300781
555536.5;-82.775932312011719;-92.027748107910156
556032;-79.308258056640625;-94.39178466796875
556527.5;-84.989936828613281;-121.01041412353516
557023;-81.362106323242188;-104.98262786865234
557518.5;-81.233161926269531;-98.781448364257813
558014;-87.743217468261719;-106.83007049560547
558509.5;-80.362503051757813;-90.203292846679688
559005;-80.337669372558594;-104.99724578857422
559500.5;-83.223190307617188;-93.460258483886719
559996;-77.737297058105469;-94.065895080566406
560491.5;-77.251007080078125;-108.28108215332031
560987;-81.214225769042969;-89.539649963378906
561482.5;-79.273384094238281;-102.46563720703125
561978;-80.227195739746094;-118.74577331542969
562473.5;-79.782005310058594;-107.40872192382812
562969;-80.506912231445312;-87.55078125
563464.5;-79.654609680175781;-90.302375793457031
563960;-84.480644226074219;-97.372329711914063
564455.5;-86.181350708007813;-111.31533050537109
564951;-81.085586547851563;-92.18353271484375
565446.5;-77.397285461425781;-115.0361328125
565942;-79.366935729980469;-87.238616943359375
566437.5;-80.016990661621094;-98.140815734863281
566933;-74.988899230957031;-112.34217071533203
567428.5;-76.730461120605469;-95.833396911621094
567924;-85.807426452636719;-103.79728698730469
568419.5;-82.58221435546875;-93.538093566894531
568915;-82.273300170898437;-101.84381866455078
569410.5;-77.223480224609375;-93.672019958496094
569906;-77.788162231445313;-87.783432006835938
570401.5;-80.919418334960938;-113.46800994873047
570897;-78.882118225097656;-78.882118225097656
571392.5;-82.042366027832031;-87.333770751953125
571888;-82.449256896972656;-92.83984375
572383.5;-75.369461059570312;-90.642929077148438
572879;-77.72589111328125;-87.942062377929688
573374.5;-81.197212219238281;-94.288887023925781
573870;-84.117698669433594;-90.738693237304688
574365.5;-82.410087585449219;-91.255012512207031
574861;-79.875564575195313;-100.07403564453125
575356.5;-77.660301208496094;-97.885627746582031
575852;-81.532142639160156;-91.117851257324219
576347.5;-79.887733459472656;-104.08209228515625
576843;-81.827552795410156;-111.52980804443359
577338.5;-80.224662780761719;-90.738693237304688
577834;-82.627738952636719;-93.632415771484375
578329.5;-83.698509216308594;-94.793380737304688
578825;-78.130867004394531;-90.758537292480469
579320.5;-79.029449462890625;-86.752769470214844
579816;-77.495368957519531;-95.124839782714844
580311.5;-80.719642639160156;-98.846023559570313
580807;-84.629341125488281;-98.998603820800781
581302.5;-79.858551025390625;-105.24945068359375
581798;-83.903640747070313;-104.96804046630859
582293.5;-79.576690673828125;-98.889350891113281
582789;-78.575874328613281;-104.32227325439453
583284.5;-85.954742431640625;-117.67538452148437
583780;-78.143478393554688;-88.304595947265625
584275.5;-77.552276611328125;-87.929756164550781
584771;-80.452156066894531;-112.90501403808594
585266.5;-80.233955383300781;-96.044692993164063
585762;-79.822212219238281;-93.938064575195313
586257.5;-78.151458740234375;-86.507484436035156
586753;-78.192108154296875;-92.668411254882813
587248.5;-84.726600646972656;-107.60391235351562
587744;-82.393814086914063;-95.096733093261719
588239.5;-82.733009338378906;-93.4874267578125
588735;-82.449256896972656;-93.974983215332031
589230.5;-79.653022766113281;-107.14261627197266
589726;-79.867454528808594;-87.497970581054688
590221.5;-82.189277648925781;-101.2255859375
590717;-85.737083435058594;-108.80899810791016
591212.5;-85.74664306640625;-110.67380523681641
591708;-81.143569946289063;-93.471893310546875
592203.5;-82.300056457519531;-95.008316040039063
592699;-82.322593688964844;-96.363471984863281
593194.5;-82.734138488769531;-96.250564575195313
593690;-82.316146850585937;-95.777565002441406
594185.5;-84.007400512695313;-102.90254211425781
594681;-77.784332275390625;-97.911453247070313
595176.5;-78.53338623046875;-93.47576904296875
595672;-79.252983093261719;-95.498802185058594
596167.5;-83.537574768066406;-104.18801879882812
596663;-78.710258483886719;-83.870185852050781
597158.5;-79.04638671875;-115.12953186035156
597654;-87.036567687988281;-98.369583129882813
598149.5;-77.694297790527344;-101.78301239013672
598645;-82.637763977050781;-114.36594390869141
599140.5;-83.304634094238281;-116.123291015625
599636;-85.010421752929688;-100.48165893554687
600131.5;-81.949203491210938;-113.1258544921875
600627;-84.471015930175781;-99.925979614257813
601122.5;-83.95147705078125;-104.82352447509766
601618;-83.411178588867188;-97.197822570800781
602113.5;-79.204803466796875;-100.94597625732422
602609;-80.612190246582031;-94.204063415527344
603104.5;-84.611137390136719;-92.314956665039063
603600;-80.446952819824219;-93.31427001953125
604095.5;-80.70892333984375;-93.991439819335938
604591;-85.684684753417969;-102.08096313476562
605086.5;-84.166732788085937;-101.90505981445312
605582;-86.297760009765625;-95.557785034179688
606077.5;-80.262733459472656;-101.26355743408203
606573;-79.259017944335937;-79.259017944335937
607068.5;-80.689315795898438;-91.626510620117188
607564;-80.59014892578125;-87.9256591796875
608059.5;-83.032173156738281;-113.31427001953125
608555;-81.710586547851563;-96.604911804199219
609050.5;-78.014907836914063;-90.262069702148438
609546;-80.928565979003906;-86.593162536621094
610041.5;-79.049331665039063;-111.845703125
610537;-80.079849243164062;-88.640548706054688
611032.5;-82.934768676757812;-92.619026184082031
611528;-81.791084289550781;-99.259017944335938
612023.5;-77.024421691894531;-84.002182006835938
612519;-82.56341552734375;-111.31533050537109
613014.5;-83.841972351074219;-94.191413879394531
613510;-77.483055114746094;-122.97174835205078
614005.5;-76.661857604980469;-82.418777465820313
614501;-79.219078063964844;-93.029472351074219
614996.5;-80.049186706542969;-95.940971374511719
615492;-78.638229370117188;-91.1712646484375
615987.5;-78.360054016113281;-87.412590026855469
616483;-79.372299194335938;-88.440460205078125
616978.5;-77.611427307128906;-88.971519470214844
617474;-82.827033996582031;-91.536018371582031
617969.5;-83.130699157714844;-106.25370788574219
618465;-79.819786071777344;-86.441619873046875
618960.5;-83.547470092773438;-106.83007049560547
619456;-82.027809143066406;-93.747779846191406
619951.5;-85.928665161132813;-92.622550964355469
620447;-80.270362854003906;-101.99773406982422
620942.5;-80.617485046386719;-86.189735412597656
621438;-80.832977294921875;-89.65386962890625
621933.5;-82.654495239257813;-93.189453125
622429;-82.305412292480469;-89.363822937011719
622924.5;-85.064765930175781;-123.44780731201172
623420;-82.34088134765625;-93.178199768066406
623915.5;-85.222404479980469;-93.652198791503906
624411;-81.736671447753906;-81.736671447753906
624906.5;-82.0694580078125;-87.705184936523438
625402;-79.340980529785156;-96.102264404296875
625897.5;-76.163398742675781;-91.926498413085938
626393;-84.166732788085937;-91.428031921386719
626888.5;-84.0623779296875;-91.041267395019531
627384;-80.7833251953125;-94.053436279296875
627879.5;-81.92864990234375;-101.54393005371094
628375;-82.547966003417969;-116.95114135742187
628870.5;-82.530326843261719;-92.78948974609375
629366;-86.767105102539062;-96.461433410644531
629861.5;-84.457252502441406;-90.079032897949219
630357;-84.168060302734375;-111.9102783203125
630852.5;-84.229415893554688;-96.107513427734375
631348;-89.797523498535156;-103.58342742919922
631843.5;-87.64349365234375;-97.287651062011719
632339;-86.121231079101563;-109.49290466308594
632834.5;-84.766380310058594;-95.656997680664063
633330;-79.03680419921875;-88.164497375488281
633825.5;-82.302200317382812;-82.302200317382812
634321;-81.419059753417969;-81.419059753417969
634816.5;-84.033538818359375;-99.885299682617188
635312;-80.716964721679688;-91.156394958496094
635807.5;-82.275436401367188;-87.424186706542969
636303;-80.346214294433594;-101.33041381835937
636798.5;-81.0706787109375;-94.65447998046875
637294;-86.419197082519531;-99.183807373046875
637789.5;-82.082000732421875;-106.42436218261719
638285;-85.055938720703125;-97.963348388671875
638780.5;-78.843147277832031;-88.141365051269531
639276;-84.901268005371094;-90.465492248535156
639771.5;-81.760818481445313;-95.036140441894531
640267;-79.869888305664063;-91.147483825683594
640762.5;-82.472183227539063;-88.392776489257813
641258;-83.204132080078125;-91.108978271484375
641753.5;-82.673500061035156;-99.852882385253906
642249;-78.981773376464844;-98.9620361328125
642744.5;-79.860977172851562;-97.009246826171875
643240;-78.812965393066406;-106.15290069580078
643735.5;-78.651596069335938;-103.37471771240234
644231;-81.883567810058594;-96.128562927246094
644726.5;-85.527847290039063;-106.77606201171875
645222;-79.606513977050781;-95.143638610839844
645717.5;-84.969505310058594;-95.562713623046875
646213;-80.659088134765625;-88.745735168457031
646708.5;-81.527236938476562;-111.78159332275391
647204;-85.294731140136719;-94.409049987792969
647699.5;-82.059028625488281;-97.821372985839844
648195;-82.270095825195313;-105.15959930419922
648690.5;-86.102935791015625;-98.976646423339844
649186;-82.022613525390625;-99.357765197753906
649681.5;-82.348419189453125;-94.939140319824219
650177;-84.333099365234375;-104.79489898681641
650672.5;-85.865409851074219;-100.15739440917969
651168;-84.762107849121094;-97.09124755859375
651663.5;-81.5242919921875;-92.476036071777344
652159;-88.172920227050781;-100.98274230957031
652654.5;-86.476219177246094;-98.479362487792969
653150;-80.740219116210938;-103.13541412353516
653645.5;-79.873939514160156;-90.205955505371094
654141;-76.921669006347656;-93.394645690917969
654636.5;-81.440391540527344;-119.88529205322266
655132;-79.608871459960938;-91.852134704589844
655627.5;-82.658966064453125;-98.745780944824219
656123;-83.250656127929688;-83.250656127929688
656618.5;-85.495262145996094;-105.74504089355469
657114;-84.308753967285156;-108.49716186523437
657609.5;-82.97637939453125;-104.45862579345703
658105;-83.255439758300781;-103.19462585449219
658600.5;-82.129165649414063;-96.836097717285156
659096;-83.107139587402344;-98.541725158691406
659591.5;-82.326896667480469;-95.096733093261719
660087;-81.48223876953125;-109.27484130859375
660582.5;-84.438041687011719;-97.631439208984375
661078;-84.975341796875;-120.56026458740234
661573.5;-82.821342468261719;-95.092056274414063
662069;-82.272232055664063;-87.462944030761719
662564.5;-81.330413818359375;-81.330413818359375
663060;-79.422943115234375;-90.8040771484375
663555.5;-79.186813354492188;-93.352455139160156
664051;-79.134536743164063;-86.500526428222656
664546.5;-81.336158752441406;-88.160293579101563
665042;-82.063194274902344;-89.920372009277344
665537.5;-81.069755554199219;-81.069755554199219
666033;-79.206314086914063;-98.369583129882813
666528.5;-80.199378967285156;-86.600196838378906
667024;-82.353813171386719;-91.686317443847656
667519.5;-78.436660766601563;-102.32475280761719
668015;-78.11297607421875;-91.415786743164063
668510.5;-78.611549377441406;-106.18637084960937
669006;-77.965301513671875;-110.20862579345703
669501.5;-79.580612182617188;-103.08834075927734
669997;-79.491722106933594;-89.953941345214844
670492.5;-80.392570495605469;-85.922149658203125
670988;-82.414436340332031;-92.86151123046875
671483.5;-79.745994567871094;-88.399261474609375
671979;-79.523590087890625;-85.632621765136719
672474.5;-79.690254211425781;-105.38600158691406
672970;-81.700576782226563;-81.700576782226563
673465.5;-79.031654357910156;-111.52980804443359
673961;-86.412315368652344;-111.56089019775391
674456.5;-79.204063415527344;-95.257232666015625
674952;-82.433998107910156;-94.989814758300781
675447.5;-82.20623779296875;-93.893157958984375
675943;-84.720924377441406;-104.44490051269531
676438.5;-83.514122009277344;-93.295242309570313
676934;-81.377510070800781;-96.123291015625
677429.5;-81.759803771972656;-107.37020111083984
677925;-88.139266967773438;-94.65447998046875
678420.5;-84.261604309082031;-104.10845947265625
678916;-85.860557556152344;-106.70457458496094
679411.5;-86.972076416015625;-104.47238159179687
679907;-83.191062927246094;-111.10602569580078
680402.5;-81.895843505859375;-90.245994567871094
680898;-82.019500732421875;-93.367774963378906
681393.5;-78.634010314941406;-106.10293579101562
681889;-82.484222412109375;-90.034523010253906
682384.5;-82.171310424804688;-95.508598327636719
682880;-81.989456176757813;-88.716514587402344
683375.5;-81.709579467773437;-95.372352600097656
683871;-81.283561706542969;-119.33486938476562
684366.5;-84.346664428710938;-96.293403625488281
684862;-81.526260375976563;-81.526260375976563
685357.5;-80.435699462890625;-88.181358337402344
685853;-78.486961364746094;-87.6217041015625
686348.5;-78.512565612792969;-102.23917388916016
686844;-79.417556762695313;-96.358062744140625
687339.5;-79.1337890625;-94.681190490722656
687835;-84.619537353515625;-97.067741394042969
688330.5;-84.969505310058594;-94.065895080566406
688826;-78.898040771484375;-96.499832153320312
689321.5;-79.749191284179688;-87.584205627441406
689817;-83.589645385742188;-107.58419799804687
690312.5;-86.260475158691406;-107.14261627197266
690808;-84.627944946289063;-93.581192016601563
691303.5;-87.507720947265625;-111.49884796142578
691799;-84.684181213378906;-118.46556091308594
692294.5;-85.61846923828125;-97.4947509765625
692790;-85.560554504394531;-101.01966857910156
693285.5;-87.014396667480469;-103.49688720703125
693781;-82.84185791015625;-99.582183837890625
694276.5;-81.441360473632813;-94.086685180664063
694772;-81.087448120117188;-88.135063171386719
695267.5;-81.172698974609375;-107.23671722412109
695763;-82.549064636230469;-95.204986572265625
696258.5;-80.548873901367188;-88.145561218261719
696754;-82.149154663085938;-88.099464416503906
697249.5;-81.966728210449219;-92.952392578125
697745;-85.551193237304688;-94.847755432128906
698240.5;-81.867240905761719;-81.867240905761719
698736;-82.606620788574219;-82.606620788574219
699231.5;-85.65625;-108.19613647460937
699727;-88.913948059082031;-118.46556091308594
700222.5;-80.694664001464844;-94.829597473144531
700718;-84.237449645996094;-94.939140319824219
701213.5;-84.515167236328125;-103.89977264404297
701709;-80.864723205566406;-93.771835327148438
702204.5;-79.998054504394531;-93.264884948730469
702700;-81.516456604003906;-94.707992553710938
703195.5;-86.665504455566406;-104.98262786865234
703691;-81.249298095703125;-111.81358337402344
704186.5;-81.252151489257813;-91.9427490234375
704682;-84.963676452636719;-92.113578796386719
705177.5;-81.996696472167969;-103.78456115722656
705673;-78.711669921875;-87.69122314453125
706168.5;-84.6363525390625;-100.58663177490234
706664;-81.684577941894531;-87.637542724609375
707159.5;-84.730850219726563;-97.700607299804687
707655;-84.866622924804687;-101.0660400390625
708150.5;-87.915420532226563;-98.200790405273438
708646;-82.477653503417969;-95.782623291015625
709141.5;-91.094207763671875;-106.70457458496094
709637;-81.7196044921875;-110.61776733398437
710132.5;-79.882858276367188;-96.722557067871094
710628;-79.663307189941406;-95.802894592285156
711123.5;-84.074203491210938;-91.252006530761719
711619;-85.207412719726563;-101.24456024169922
712114.5;-78.932159423828125;-86.500526428222656
712610;-83.131874084472656;-109.64138793945312
713105.5;-86.873519897460938;-104.68135833740234
713601;-87.246185302734375;-87.246185302734375
714096.5;-85.496810913085937;-85.496810913085937
714592;-79.144218444824219;-87.161354064941406
715087.5;-84.129600524902344;-120.30097198486328
715583;-87.937957763671875;-97.68798828125
716078.5;-83.40631103515625;-118.60453033447266
716574;-81.536064147949219;-104.39017486572266
717069.5;-85.672042846679688;-94.340187072753906
717565;-80.421012878417969;-101.10331726074219
718060.5;-82.923240661621094;-89.581687927246094
718556;-80.289901733398438;-91.545326232910156
719051.5;-80.035957336425781;-95.003684997558594
719547;-80.022750854492187;-87.81573486328125
720042.5;-81.550804138183594;-88.425262451171875
720538;-81.197212219238281;-90.443565368652344
721033.5;-80.354782104492188;-97.348052978515625
721529;-82.960174560546875;-117.99593353271484
722024.5;-83.199378967285156;-99.519691467285156
722520;-82.304344177246094;-121.29213714599609
723015.5;-80.112281799316406;-100.02440643310547
723511;-81.9656982421875;-100.92765808105469
724006.5;-88.268287658691406;-104.20134735107422
724502;-88.761505126953125;-117.1859130859375
724997.5;-85.949844360351563;-91.955772399902344
725493;-82.975227355957031;-91.626510620117188
725988.5;-85.9400634765625;-98.58355712890625
726484;-87.540985107421875;-109.15601348876953
726979.5;-80.411521911621094;-108.74122619628906
727475;-79.780403137207031;-90.747200012207031
727970.5;-78.930709838867188;-85.48907470703125
728466;-82.626625061035156;-102.54244995117187
728961.5;-84.67572021484375;-97.556625366210937
729457;-85.634193420410156;-106.74024200439453
729952.5;-81.379440307617188;-81.379440307617188
730448;-80.635169982910156;-119.96685028076172
730943.5;-85.430465698242188;-109.69145202636719
731439;-84.548423767089844;-111.31533050537109
731934.5;-82.070503234863281;-93.196968078613281
732430;-84.31280517578125;-91.041267395019531
732925.5;-79.201805114746094;-92.087081909179687
733421;-81.938919067382813;-96.261253356933594
733916.5;-81.534103393554687;-101.14075469970703
734412;-81.48907470703125;-106.95740509033203
734907.5;-91.09716796875;-120.38654327392578
735403;-83.100082397460938;-96.853263854980469
735898.5;-84.479270935058594;-91.339576721191406
736394;-86.015365600585938;-110.56208801269531
736889.5;-83.706062316894531;-114.153564453125
737385;-82.212600708007813;-90.718894958496094
737880.5;-86.177993774414063;-94.980583190917969
738376;-92.133506774902344;-118.60453033447266
738871.5;-81.9656982421875;-95.627113342285156
739367;-81.338081359863281;-92.126853942871094
739862.5;-82.702644348144531;-94.694580078125
740358;-85.256988525390625;-107.08663177490234
740853.5;-77.698715209960937;-96.974342346191406
741349;-88.313163757324219;-98.534774780273438
741844.5;-86.0087890625;-103.50919342041016
742340;-80.104782104492188;-118.67486572265625
742835.5;-79.506477355957031;-94.435012817382813
743331;-87.180137634277344;-101.2066650390625
743826.5;-84.486160278320313;-98.054916381835938
744322;-81.776939392089844;-96.655136108398438
744817.5;-84.304702758789063;-105.58711242675781
745313;-84.776351928710938;-94.852302551269531
745808.5;-79.564170837402344;-89.151298522949219
746304;-86.848152160644531;-138.19410705566406
746799.5;-85.549636840820313;-85.549636840820313
747295;-86.821052551269531;-95.181343078613281
747790.5;-89.651374816894531;-96.813278198242188
748286;-81.459831237792969;-95.143638610839844
748781.5;-82.94976806640625;-101.99773406982422
749277;-82.9798583984375;-101.2255859375
749772.5;-83.073097229003906;-93.731781005859375
750268;-81.514495849609375;-101.78301239013672
750763.5;-83.388069152832031;-103.93852233886719
751259;-87.709182739257813;-104.44490051269531
751754.5;-85.315948486328125;-105.23441314697266
752250;-82.053817749023438;-96.610481262207031
752745.5;-81.495918273925781;-96.887680053710938
753241;-79.657760620117187;-95.096733093261719
753736.5;-83.466171264648437;-97.150291442871094
754232;-79.052284240722656;-95.181343078613281
754727.5;-81.606048583984375;-109.5421142578125
755223;-81.759803771972656;-91.327445983886719
755718.5;-82.346267700195313;-96.186698913574219
756214;-84.382003784179688;-119.80449676513672
756709.5;-80.5147705078125;-90.526084899902344
757205;-81.88153076171875;-88.786346435546875
757700.5;-78.718055725097656;-115.36751556396484
758196;-81.102378845214844;-86.279098510742188
758691.5;-83.115379333496094;-92.514167785644531
759187;-86.909896850585937;-95.493904113769531
759682.5;-90.005844116210938;-97.317794799804687
760178;-81.810317993164062;-108.92314147949219
760673.5;-83.172073364257813;-83.172073364257813
761169;-83.263816833496094;-99.605728149414063
761664.5;-88.691864013671875;-101.26355743408203
762160;-88.578498840332031;-97.681686401367188
762655.5;-85.9107666015625;-93.215782165527344
763151;-79.882049560546875;-90.213943481445313
763646.5;-85.395187377929688;-93.193214416503906
764142;-87.257560729980469;-92.807441711425781
764637.5;-84.292564392089844;-115.0361328125
765133;-87.627639770507813;-99.064826965332031
765628.5;-83.60333251953125;-102.44380950927734
766124;-83.604583740234375;-101.33041381835937
766619.5;-84.310104370117188;-89.495361328125
767115;-81.098648071289063;-88.620559692382813
767610.5;-81.772911071777344;-93.970870971679688
768106;-83.701026916503906;-96.13909912109375
768601.5;-83.302223205566406;-83.302223205566406
769097;-82.553482055664063;-88.973831176757812
769592.5;-82.852134704589844;-95.4013671875
770088;-93.253532409667969;-121.10330963134766
770583.5;-85.649940490722656;-101.50471496582031
771079;-82.815650939941406;-90.962448120117188
771574.5;-82.701522827148438;-99.99969482421875
772070;-81.289283752441406;-107.35101318359375
772565.5;-84.820655822753906;-98.632606506347656
773061;-84.839302062988281;-92.116897583007813
773556.5;-85.249458312988281;-108.92314147949219
774052;-87.410659790039063;-116.39057159423828
774547.5;-83.504264831542969;-107.76329803466797
775043;-85.805816650390625;-111.19511413574219
775538.5;-84.469627380371094;-100.95515441894531
776034;-80.543609619140625;-93.227088928222656
776529.5;-84.291213989257813;-105.26451873779297
777025;-86.490104675292969;-122.19670104980469
777520.5;-85.964546203613281;-100.58663177490234
778016;-85.3646240234375;-94.254859924316406
778511.5;-85.066238403320312;-92.959693908691406
779007;-82.9775390625;-101.56360626220703
779502.5;-82.410087585449219;-93.995559692382813
779998;-88.477500915527344;-116.44503021240234
780493.5;-86.772476196289063;-103.29021453857422
780989;-86.677925109863281;-110.93054962158203
781484.5;-83.587158203125;-95.4013671875
781980;-84.306053161621094;-93.860633850097656
782475.5;-84.272361755371094;-116.123291015625
782971;-88.36041259765625;-99.772384643554688
783466.5;-79.923530578613281;-90.97698974609375
783962;-84.01654052734375;-94.357345581054688
784457.5;-86.434707641601563;-105.21939849853516
784953;-83.682159423828125;-90.90740966796875
785448.5;-82.424209594726563;-108.17502593994141
785944;-82.73638916015625;-90.798370361328125
786439.5;-83.063728332519531;-102.19669342041016
786935;-79.761978149414063;-99.480865478515625
787430.5;-88.497161865234375;-97.251609802246094
787926;-84.5567626953125;-95.233444213867187
788421.5;-82.737518310546875;-94.989814758300781
788917;-86.977584838867187;-108.41007995605469
789412.5;-80.793235778808594;-109.32282257080078
789908;-90.097427368164063;-95.314605712890625
790403.5;-84.480644226074219;-102.08096313476562
790899;-84.6419677734375;-97.079483032226562
791394.5;-79.532928466796875;-97.09124755859375
791890;-83.504264831542969;-95.115463256835938
792385.5;-92.510696411132813;-101.76283264160156
792881;-82.792930603027344;-94.469764709472656
793376.5;-85.115020751953125;-92.113578796386719
793872;-83.723731994628906;-99.885299682617188
794367.5;-84.38336181640625;-111.22502136230469
794863;-81.832633972167969;-87.637542724609375
795358.5;-85.496810913085937;-96.933792114257813
795854;-82.756706237792969;-112.27431488037109
796349.5;-86.642501831054688;-106.47621154785156
796845;-88.987716674804688;-103.37471771240234
797340.5;-82.775932312011719;-102.34627532958984
797836;-84.783485412597656;-94.707992553710938
798331.5;-83.916549682617188;-92.077156066894531
798827;-83.16259765625;-90.487472534179688
799322.5;-82.389480590820313;-99.221336364746094
799818;-84.956390380859375;-95.082710266113281
800313.5;-87.208381652832031;-95.99786376953125
800809;-86.214935302734375;-94.404731750488281
801304.5;-82.950920104980469;-93.148246765136719
801800;-85.492172241210937;-102.86814117431641
802295.5;-84.567886352539063;-102.73188781738281
802791;-85.240425109863281;-85.240425109863281
803286.5;-87.431922912597656;-101.31125640869141
803782;-82.012237548828125;-89.638885498046875
804277.5;-82.030921936035156;-91.108978271484375
804773;-83.662071228027344;-104.80919647216797
805268.5;-88.545433044433594;-104.51377868652344
805764;-86.431266784667969;-108.78634643554687
806259.5;-85.202919006347656;-94.090850830078125
806755;-85.083953857421875;-108.56304931640625
807250.5;-85.601203918457031;-100.76444244384766
807746;-85.604347229003906;-94.182991027832031
808241.5;-85.645210266113281;-92.32855224609375
808737;-82.550163269042969;-102.18611145019531
809232.5;-84.372474670410156;-109.5421142578125
809728;-81.947151184082031;-93.318084716796875
810223.5;-87.517494201660156;-94.80694580078125
810719;-87.393295288085937;-100.31802368164062
811214.5;-85.085426330566406;-105.74504089355469
811710;-82.106071472167969;-93.215782165527344
812205.5;-85.184967041015625;-94.174575805664063
812701;-86.5423583984375;-106.99413299560547
813196.5;-83.436798095703125;-89.881790161132813
813692;-84.74078369140625;-98.114303588867187
814187.5;-85.621612548828125;-96.711280822753906
814683;-87.272750854492187;-94.513381958007813
815178.5;-84.108451843261719;-94.482826232910156
815674;-86.342033386230469;-97.50091552734375
816169.5;-84.120346069335938;-84.120346069335938
816665;-82.84185791015625;-100.42964935302734
817160.5;-87.204612731933594;-95.884452819824219
817656;-83.779472351074219;-95.068710327148438
818151.5;-83.262626647949219;-100.55149841308594
818647;-85.962905883789063;-93.795967102050781
819142.5;-84.941856384277344;-92.640159606933594
819638;-85.574600219726563;-99.380714416503906
820133.5;-84.812065124511719;-100.26697540283203
820629;-83.60333251953125;-91.752899169921875
821124.5;-84.304702758789063;-114.76181793212891
821620;-85.467437744140625;-100.49037170410156
822115.5;-83.411178588867188;-95.538078308105469
822611;-86.89532470703125;-97.757606506347656
823106.5;-85.1834716796875;-114.19562530517578
823602;-85.064765930175781;-93.114669799804687
824097.5;-81.399711608886719;-108.02869415283203
824593;-81.796142578125;-95.068710327148438
825088.5;-85.807426452636719;-115.41590881347656
825584;-82.660079956054688;-98.294914245605469
826079.5;-81.603080749511719;-91.035408020019531
826575;-82.39923095703125;-93.502983093261719
827070.5;-87.362518310546875;-92.566444396972656
827566;-81.39874267578125;-94.583648681640625
828061.5;-81.186836242675781;-91.567115783691406
828557;-83.0965576171875;-93.824195861816406
829052.5;-83.263816833496094;-95.329002380371094
829548;-86.58087158203125;-103.2303466796875
830043.5;-80.422737121582031;-94.539665222167969
830539;-93.249755859375;-110.9886474609375
831034.5;-88.470947265625;-98.308441162109375
831530;-86.225028991699219;-113.01472473144531
832025.5;-85.850875854492188;-94.667823791503906
832521;-86.718826293945313;-118.32877349853516
833016.5;-92.807441711425781;-98.918350219726563
833512;-82.641105651855469;-98.383232116699219
834007.5;-86.824653625488281;-100.16577911376953
834503;-85.995651245117188;-114.19562530517578
834998.5;-86.521415710449219;-122.41117858886719
835494;-83.593376159667969;-93.929878234863281
835989.5;-83.219612121582031;-119.33486938476562
836485;-85.014808654785156;-92.298004150390625
836980.5;-89.241401672363281;-98.180747985839844
837476;-86.126220703125;-98.625587463378906
837971.5;-87.416450500488281;-117.1859130859375
838467;-79.811737060546875;-94.504646301269531
838962.5;-81.606048583984375;-104.70960998535156
839458;-86.862640380859375;-105.82509613037109
839953.5;-86.846343994140625;-99.780403137207031
840449;-86.262161254882813;-103.13541412353516
840944.5;-89.064445495605469;-106.33861541748047
841440;-83.098907470703125;-122.19670104980469
841935.5;-83.553657531738281;-94.504646301269531
842431;-83.98004150390625;-111.52980804443359
842926.5;-85.594947814941406;-98.140815734863281
843422;-83.815132141113281;-113.90538024902344
843917.5;-83.732574462890625;-97.020912170410156
844413;-86.801231384277344;-106.99413299560547
844908.5;-84.920089721679688;-99.388381958007813
845404;-84.128273010253906;-97.544212341308594
845899.5;-84.238792419433594;-100.63075256347656
846395;-82.840721130371094;-91.9884033203125
846890.5;-82.787269592285156;-110.28892517089844
847386;-84.737937927246094;-97.847015380859375
847881.5;-84.025688171386719;-119.18381500244141
848377;-82.514938354492188;-89.006248474121094
848872.5;-89.239021301269531;-102.26049041748047
849368;-83.9268798828125;-95.7674560546875
849863.5;-79.929237365722656;-105.76099395751953
850359;-87.468765258789063;-100.64845275878906
850854.5;-85.089859008789063;-109.998046875
851350;-78.872001647949219;-89.52978515625
851845.5;-78.587043762207031;-107.01255798339844
852341;-82.212600708007813;-105.95473480224609
852836.5;-88.638328552246094;-98.444908142089844
853332;-84.842170715332031;-97.662811279296875
853827.5;-85.240425109863281;-99.582183837890625
854323;-83.737632751464844;-94.4871826171875
854818.5;-83.752822875976563;-103.37471771240234
855314;-79.966033935546875;-90.85272216796875
855809.5;-85.047103881835938;-98.998603820800781
856305;-88.512496948242188;-102.2818603515625
856800.5;-86.878974914550781;-86.878974914550781
857296;-86.565093994140625;-100.62190246582031
857791.5;-91.1712646484375;-120.73753356933594
858287;-85.506111145019531;-102.12286376953125
858782.5;-87.362518310546875;-93.000022888183594
859278;-84.875274658203125;-91.234001159667969
859773.5;-85.042694091796875;-92.583938598632813
860269;-84.28851318359375;-90.286224365234375
860764.5;-83.799835205078125;-100.61307525634766
861260;-80.659980773925781;-92.767997741699219
861755.5;-86.813835144042969;-98.6607666015625
862251;-85.616897583007812;-116.83609771728516
862746.5;-86.724174499511719;-95.652008056640625
863242;-84.070259094238281;-89.441535949707031
863737.5;-84.099212646484375;-92.21368408203125
864233;-85.467437744140625;-103.10009002685547
864728.5;-85.226905822753906;-101.82350158691406
865224;-86.241897583007813;-94.694580078125
865719.5;-81.7779541015625;-90.487472534179688
866215;-82.784996032714844;-97.414985656738281
866710.5;-82.748794555664063;-99.692626953125
867206;-82.884178161621094;-108.76375579833984
867701.5;-83.5054931640625;-101.349609375
868197;-89.390457153320313;-99.327262878417969
868692.5;-82.176589965820313;-120.82754516601562
869188;-80.538360595703125;-98.745780944824219
869683.5;-80.424468994140625;-115.22394561767578
870179;-81.303604125976562;-81.303604125976562
870674.5;-84.633552551269531;-95.129539489746094
871170;-84.679946899414063;-115.96678161621094
871665.5;-83.431915283203125;-96.660736083984375
872161;-83.289009094238281;-83.289009094238281
872656.5;-83.000747680664063;-100.59543609619141
873152;-83.765510559082031;-93.755790710449219
873647.5;-86.089668273925781;-119.48861694335938
874143;-88.364715576171875;-120.13230895996094
874638.5;-84.232093811035156;-94.191413879394531
875134;-87.021781921386719;-132.17350769042969
875629.5;-85.721168518066406;-98.41058349609375
876125;-83.780746459960938;-92.13018798828125
876620.5;-82.6712646484375;-99.772384643554688
877116;-89.97467041015625;-112.61903381347656
877611.5;-89.475746154785156;-98.444908142089844
878107;-86.274017333984375;-98.867660522460938
878602.5;-83.313064575195313;-94.124244689941406
879098;-81.812339782714844;-104.92443084716797
879593.5;-83.362586975097656;-112.83263397216797
880089;-83.346855163574219;-103.38685607910156
880584.5;-86.765304565429687;-94.579238891601562
881080;-87.562568664550781;-100.34365081787109
881575.5;-85.9940185546875;-98.752899169921875
882071;-86.488365173339844;-102.96018218994141
882566.5;-91.379119873046875;-110.67380523681641
883062;-91.816787719726563;-104.12165832519531
883557.5;-89.820426940917969;-108.04944610595703
884053;-85.180488586425781;-99.357765197753906
884548.5;-83.52398681640625;-91.210044860839844
885044;-86.957405090332031;-93.695877075195313
885539.5;-86.126220703125;-98.889350891113281
886035;-85.959640502929687;-109.84339141845703
886530.5;-84.566497802734375;-89.990242004394531
887026;-84.64056396484375;-98.274650573730469
887521.5;-85.45355224609375;-93.69189453125
888017;-84.108451843261719;-100.56027221679687
888512.5;-84.668678283691406;-104.99724578857422
889008;-84.742210388183594;-125.50921630859375
889503.5;-87.781417846679688;-101.41712951660156
889999;-86.566841125488281;-86.566841125488281
890494.5;-88.328163146972656;-97.162155151367188
890990;-85.069190979003906;-95.676979064941406
891485.5;-85.485977172851563;-93.174446105957031
891981;-86.835494995117187;-86.835494995117187
892476.5;-84.664459228515625;-104.65320587158203
892972;-85.064765930175781;-94.340187072753906
893467.5;-86.774276733398438;-95.787689208984375
893963;-85.060348510742187;-90.875709533691406
894458.5;-87.769332885742187;-87.769332885742187
894954;-85.073616027832031;-115.71204376220703
895449.5;-85.959640502929687;-107.29367065429687
895945;-82.894493103027344;-96.974342346191406
896440.5;-83.557373046875;-110.39716339111328
896936;-81.2730712890625;-90.979904174804688
897431.5;-84.819221496582031;-92.140159606933594
897927;-88.407928466796875;-98.969329833984375
898422.5;-87.903152465820313;-100.73754119873047
898918;-84.044013977050781;-98.041778564453125
899413.5;-85.566787719726563;-94.884193420410156
899909;-86.458900451660156;-103.73384094238281
900404.5;-83.637031555175781;-93.565498352050781
900900;-83.682159423828125;-101.30169677734375
901395.5;-86.857200622558594;-101.15013885498047
901891;-87.997657775878906;-99.877189636230469
902386.5;-85.9940185546875;-116.01864624023437
902882;-85.684684753417969;-101.27307891845703
903377.5;-88.488418579101563;-115.27153778076172
903873;-85.544960021972656;-85.544960021972656
904368.5;-83.600845336914063;-96.466911315917969
904864;-85.297767639160156;-90.8040771484375
905359.5;-85.083953857421875;-94.707992553710938
905855;-85.959640502929687;-97.62518310546875
906350.5;-82.796333312988281;-109.08549499511719
906846;-81.87030029296875;-94.024452209472656
907341.5;-83.414840698242188;-110.18201446533203
907837;-81.923507690429687;-91.216026306152344
908332.5;-85.854103088378906;-93.549819946289063
908828;-87.657379150390625;-87.657379150390625
909323.5;-88.444808959960937;-98.315216064453125
909819;-85.743453979492187;-93.306663513183594
910314.5;-85.229904174804687;-85.229904174804687
910810;-82.203056335449219;-90.262069702148438
911305.5;-84.899818420410156;-102.22853851318359
911801;-88.196144104003906;-94.448028564453125
912296.5;-84.522079467773438;-91.079475402832031
912792;-85.579292297363281;-115.61220550537109
913287.5;-88.607254028320312;-88.607254028320312
913783;-85.503013610839844;-95.671974182128906
914278.5;-85.967811584472656;-95.792755126953125
914774;-85.762596130371094;-113.54590606689453
915269.5;-83.148406982421875;-94.856849670410156
915765;-82.561210632324219;-111.16532135009766
916260.5;-81.493965148925781;-100.4210205078125
916756;-82.729629516601562;-98.342353820800781
917251.5;-84.526237487792969;-106.51096343994141
917747;-81.756782531738281;-102.08096313476562
918242.5;-81.205711364746094;-93.166961669921875
918738;-80.724113464355469;-111.0765380859375
919233.5;-83.227958679199219;-93.440910339355469
919729;-85.476707458496094;-93.306663513183594
920224.5;-86.509223937988281;-96.423210144042969
920720;-81.824516296386719;-95.124839782714844
921215.5;-82.623283386230469;-90.6373291015625
921711;-81.865196228027344;-96.379722595214844
922206.5;-88.727737426757813;-105.90589141845703
922702;-87.389442443847656;-97.482437133789063
923197.5;-86.42608642578125;-93.181953430175781
923693;-88.723243713378906;-95.647026062011719
924188.5;-87.219703674316406;-96.933792114257813
924684;-82.827033996582031;-105.23441314697266
925179.5;-83.568534851074219;-107.48627471923828
925675;-87.202720642089844;-101.71259307861328
926170.5;-86.053260803222656;-101.05674743652344
926666;-86.649574279785156;-95.003684997558594
927161.5;-86.790435791015625;-106.27062225341797
927657;-89.636398315429688;-119.41139984130859
928152.5;-88.516876220703125;-110.50675964355469
928648;-84.739364624023438;-92.431182861328125
929143.5;-84.76495361328125;-90.744354248046875
929639;-84.523468017578125;-90.589874267578125
930134.5;-87.457107543945313;-97.581489562988281
930630;-92.619026184082031;-108.00798797607422
931125.5;-84.407928466796875;-98.1607666015625
931621;-85.123916625976563;-111.62338256835937
932116.5;-85.085426330566406;-104.08209228515625
932612;-84.067634582519531;-114.02857971191406
933107.5;-85.132827758789063;-92.868743896484375
933603;-83.028678894042969;-107.04951477050781
934098.5;-83.908805847167969;-101.82350158691406
934594;-84.565109252929688;-98.674873352050781
935089.5;-86.209884643554687;-99.877189636230469
935585;-86.656654357910156;-98.696083068847656
936080.5;-88.460052490234375;-120.21623229980469
936576;-84.394271850585937;-116.39057159423828
937071.5;-87.844100952148438;-127.21781921386719
937567;-87.880706787109375;-99.668846130371094
938062.5;-88.287490844726563;-102.85670471191406
938558;-88.60504150390625;-96.928009033203125
939053.5;-90.375396728515625;-97.10302734375
939549;-88.629440307617187;-103.20652008056641
940044.5;-84.218711853027344;-95.915237426757812
940540;-85.134307861328125;-94.739349365234375
941035.5;-85.760993957519531;-104.43118286132812
941531;-82.465621948242188;-93.040534973144531
942026.5;-84.213371276855469;-92.996353149414063
942522;-85.381423950195312;-124.34938049316406
943017.5;-84.793472290039063;-103.13541412353516
943513;-91.588951110839844;-99.90155029296875
944008.5;-95.782623291015625;-112.83263397216797
944504;-91.366935729980469;-97.675392150878906
944999.5;-87.58026123046875;-94.632278442382813
945495;-87.903152465820313;-102.4765625
945990.5;-85.279617309570313;-105.23441314697266
946486;-83.233932495117187;-90.227287292480469
946981.5;-90.152847290039063;-99.027984619140625
947477;-91.749717712402344;-91.749717712402344
947972.5;-85.211906433105469;-96.118034362792969
948468;-87.312744140625;-110.78697967529297
948963.5;-84.273696899414063;-94.80694580078125
949459;-84.746467590332031;-96.261253356933594
949954.5;-87.090354919433594;-109.84339141845703
950450;-84.604156494140625;-96.716926574707031
950945.5;-85.128364562988281;-97.814979553222656
951441;-89.7772216796875;-107.35101318359375
951936.5;-87.773361206054687;-111.59207916259766
952432;-82.897941589355469;-91.975334167480469
952927.5;-83.822792053222656;-96.118034362792969
953423;-84.424346923828125;-104.30875396728516
953918.5;-84.94476318359375;-90.872833251953125
954414;-85.095771789550781;-93.096076965332031
954909.5;-85.03387451171875;-94.663375854492188
955405;-89.429336547851563;-110.70196533203125
955900.5;-85.905899047851563;-109.03879547119141
956396;-84.297950744628906;-98.802925109863281
956891.5;-84.922988891601562;-91.9525146484375
957387;-87.521408081054688;-94.5352783203125
957882.5;-88.112014770507813;-93.1258544921875
958378;-86.584388732910156;-98.795761108398438
958873.5;-86.352279663085938;-95.503692626953125
959369;-88.153976440429688;-93.917617797851563
959864.5;-84.94476318359375;-94.448028564453125
960360;-83.046180725097656;-89.41717529296875
960855.5;-84.981178283691406;-107.92565155029297
961351;-87.817756652832031;-101.07534027099609
961846.5;-83.996971130371094;-94.016181945800781
962342;-81.582328796386719;-100.49037170410156
962837.5;-81.564590454101563;-91.270050048828125
963333;-86.992301940917969;-112.30817413330078
963828.5;-90.000640869140625;-98.174079895019531
964324;-88.927734375;-97.4947509765625
964819.5;-87.362518310546875;-99.708518981933594
965315;-82.571159362792969;-99.153915405273437
965810.5;-83.976142883300781;-108.78634643554687
966306;-88.703056335449219;-97.174026489257813
966801.5;-88.503730773925781;-96.261253356933594
967297;-86.89532470703125;-112.61903381347656
967792.5;-87.464881896972656;-96.239883422851562
968288;-81.946128845214844;-113.46800994873047
968783.5;-81.405509948730469;-97.911453247070313
969279;-86.134559631347656;-86.134559631347656
969774.5;-88.183464050292969;-120.91849517822266
970270;-88.143463134765625;-98.838829040527344
970765.5;-84.291213989257813;-95.186065673828125
971261;-85.448928833007813;-85.448928833007813
971756.5;-84.011322021484375;-103.27820587158203
972252;-86.803031921386719;-92.348976135253906
972747.5;-86.8717041015625;-108.04944610595703
973243;-85.042694091796875;-106.37281036376953
973738.5;-84.537322998046875;-96.417755126953125
974234;-86.517929077148438;-127.60391998291016
974729.5;-87.909286499023438;-107.37020111083984
975225;-90.781272888183594;-90.781272888183594
975720.5;-84.746467590332031;-102.48751068115234
976216;-87.408729553222656;-95.479225158691406
976711.5;-88.804458618164062;-106.23683166503906
977207;-89.676399230957031;-104.69546508789062
977702.5;-85.577728271484375;-108.92314147949219
978198;-87.176376342773438;-100.34365081787109
978693.5;-89.589126586914062;-124.90995025634766
979189;-84.0322265625;-108.60725402832031
979684.5;-83.456375122070313;-97.538009643554687
980180;-86.704582214355469;-97.390579223632812
980675.5;-86.219985961914062;-109.84339141845703
981171;-87.661354064941406;-99.465385437011719
981666.5;-86.939102172851563;-99.327262878417969
982162;-90.129051208496094;-96.750801086425781
982657.5;-84.908500671386719;-90.176704406738281
983153;-88.736732482910156;-99.724441528320313
983648.5;-83.924293518066406;-108.23850250244141
984144;-85.562110900878906;-102.52043151855469
984639.5;-86.8717041015625;-105.15959930419922
985135;-86.654884338378906;-93.051612854003906
985630.5;-85.938430786132813;-94.875076293945313
986126;-86.092979431152344;-100.37795257568359
986621.5;-88.667289733886719;-100.42964935302734
987117;-91.545326232910156;-115.71204376220703
987612.5;-89.165458679199219;-100.34365081787109
988108;-84.997245788574219;-94.314498901367188
988603.5;-87.107124328613281;-105.08541870117187
989099;-83.227958679199219;-109.46840667724609
989594.5;-86.152908325195313;-98.896591186523438
990090;-84.826385498046875;-123.08834075927734
990585.5;-86.088005065917969;-107.44741821289062
991081;-86.822853088378906;-92.640159606933594
991576.5;-86.882598876953125;-94.39178466796875
992072;-85.907524108886719;-95.508598327636719
992567.5;-84.068946838378906;-92.647209167480469
993063;-83.163787841796875;-98.745780944824219
993558.5;-87.328025817871094;-117.6126708984375
994054;-82.847564697265625;-117.55040740966797
994549.5;-81.538032531738281;-87.747230529785156
995045;-82.338729858398437;-91.382171630859375
995540.5;-84.164077758789063;-98.451789855957031
996036;-83.557373046875;-109.79244995117187
996531.5;-84.1044921875;-84.1044921875
997027;-88.139266967773438;-121.01041412353516
997522.5;-81.924537658691406;-104.78062438964844
998018;-85.74822998046875;-98.838829040527344
998513.5;-82.034034729003906;-93.227088928222656
999009;-82.159698486328125;-107.38943481445312
999504.5;-88.394935607910156;-112.83263397216797
1000000;-84.339874267578125;-117.93087768554687
