Type;ZVL-3;
Version;3.31;
Date;23.May 25;
Mode;ANALYZER;
Center Freq;5004500.000000;Hz
Freq Offset;0.000000;Hz
Span;9991000.000000;Hz
x-Axis;LIN;
Start;9000.000000;Hz
Stop;10000000.000000;Hz
Ref Level;-20.000000;dBm
Level Offset;0.000000;dB
Ref Position;100.000000;%
y-Axis;LOG;
Level Range;100.000000;dB
Rf Att;0.000000;dB
RBW;300.000000;Hz
VBW;1000.000000;Hz
SWT;110.000000;s
Trace Mode;CLR/WRITE;
Detector;AUTOPEAK;
Sweep Count;0;
Trace 1:;;
x-Unit;Hz;
y-Unit;dBm;
Preamplifier;OFF;
Transducer;OFF;
Values;2001;
9000;-73.664093017578125;-90.892990112304687
13995.5;-73.561973571777344;-108.58512115478516
18991;-71.431419372558594;-95.946136474609375
23986.5;-72.469131469726563;-104.09526062011719
28982;-74.281219482421875;-101.38813018798828
33977.5;-74.756431579589844;-101.349609375
38973;-71.963912963867187;-94.086685180664063
43968.5;-72.678314208984375;-105.23441314697266
48964;-73.190963745117188;-96.039474487304688
53959.5;-72.108932495117188;-108.51906585693359
58955;-72.684333801269531;-114.28036499023437
63950.5;-71.992988586425781;-105.41664123535156
68946;-72.097999572753906;-98.281402587890625
73941.5;-71.829948425292969;-96.621620178222656
78937;-74.580123901367188;-108.65167999267578
83932.5;-71.673065185546875;-110.95954895019531
88928;-72.508613586425781;-110.02409362792969
93923.5;-69.611488342285156;-111.10602569580078
98919;-71.644416809082031;-98.438026428222656
103914.5;-74.066726684570313;-99.893417358398438
108910;-73.978279113769531;-110.12905883789063
113905.5;-73.062713623046875;-113.35244750976562
118901;-73.532623291015625;-112.24057769775391
123896.5;-75.264389038085938;-110.758544921875
128892;-67.937751770019531;-100.36936187744141
133887.5;-65.242385864257813;-108.36686706542969
138883;-71.733512878417969;-107.14261627197266
143878.5;-74.367233276367188;-114.36594390869141
148874;-75.346321105957031;-97.982894897460938
153869.5;-74.510330200195313;-96.282676696777344
158865;-73.011421203613281;-108.92314147949219
163860.5;-67.4033203125;-91.72430419921875
168856;-62.310894012451172;-119.03533172607422
173851.5;-66.538688659667969;-98.167427062988281
178847;-69.135978698730469;-107.52531433105469
183842.5;-71.051834106445313;-109.49290466308594
188838;-66.112907409667969;-100.89111328125
193833.5;-66.770149230957031;-111.78159332275391
198829;-66.071609497070312;-117.55040740966797
203824.5;-63.381752014160156;-87.068061828613281
208820;-62.861618041992188;-106.83007049560547
213815.5;-68.21453857421875;-101.23506164550781
218811;-70.9490966796875;-108.09111022949219
223806.5;-62.707363128662109;-109.74180603027344
228802;-60.617839813232422;-105.18944549560547
233797.5;-60.835063934326172;-96.13909912109375
238793;-60.597286224365234;-93.656158447265625
243788.5;-68.248497009277344;-109.5421142578125
248784;-71.2373046875;-105.24945068359375
253779.5;-70.74493408203125;-119.72444152832031
258775;-62.67529296875;-109.56683349609375
263770.5;-58.885009765625;-101.02892303466797
268766;-60.082424163818359;-113.70384216308594
273761.5;-59.281707763671875;-112.83263397216797
278757;-69.084091186523438;-115.17660522460937
283752.5;-70.207817077636719;-108.62944030761719
288748;-70.618316650390625;-115.91522979736328
293743.5;-65.585861206054688;-102.19669342041016
298739;-59.112007141113281;-92.989006042480469
303734.5;-60.276393890380859;-94.530899047851562
308730;-59.567611694335938;-103.88689422607422
313725.5;-64.173912048339844;-100.29245758056641
318721;-66.126220703125;-101.94612884521484
323716.5;-63.021224975585938;-107.56452941894531
328712;-65.256385803222656;-88.407928466796875
333707.5;-61.320732116699219;-91.762451171875
338703;-60.787830352783203;-90.869956970214844
343698.5;-64.170455932617188;-106.05326080322266
348694;-64.723907470703125;-108.65167999267578
353689.5;-69.420097351074219;-101.50471496582031
358685;-60.987533569335938;-88.680686950683594
363680.5;-63.775791168212891;-94.430679321289063
368676;-64.383781433105469;-99.629341125488281
373671.5;-62.653942108154297;-104.54148101806641
378667;-65.104057312011719;-101.99773406982422
383662.5;-69.562873840332031;-102.30328369140625
388658;-71.201980590820313;-98.983963012695312
393653.5;-64.821517944335938;-110.28892517089844
398649;-65.153793334960937;-101.58332061767578
403644.5;-65.594314575195312;-112.68965148925781
408640;-69.338722229003906;-102.2818603515625
413635.5;-69.582435607910156;-100.30948638916016
418631;-75.743736267089844;-103.13541412353516
423626.5;-75.3165283203125;-133.62451171875
428622;-71.004692077636719;-115.12953186035156
433617.5;-70.564582824707031;-102.175537109375
438613;-73.851310729980469;-99.844802856445313
443608.5;-73.398109436035156;-102.63108062744141
448604;-73.436279296875;-102.20729827880859
453599.5;-68.103225708007812;-104.54148101806641
458595;-71.734779357910156;-111.65479278564453
463590.5;-70.665374755859375;-110.58988189697266
468586;-64.935028076171875;-99.692626953125
473581.5;-65.882545471191406;-110.4517822265625
478577;-65.62884521484375;-93.735771179199219
483572.5;-63.583805084228516;-99.139007568359375
488568;-59.708919525146484;-95.022216796875
493563.5;-59.923049926757813;-104.51377868652344
498559;-60.720897674560547;-89.910064697265625
503554.5;-57.919864654541016;-88.274688720703125
508550;-56.48895263671875;-116.77914428710937
513545.5;-55.528095245361328;-95.843582153320313
518541;-58.635837554931641;-102.56452941894531
523536.5;-50.263336181640625;-96.499832153320312
528532;-48.951011657714844;-90.699134826660156
533527.5;-47.611701965332031;-80.327400207519531
538523;-47.332012176513672;-92.696746826171875
543518.5;-47.385536193847656;-105.80902862548828
548514;-45.442478179931641;-94.856849670410156
553509.5;-48.349411010742188;-92.054061889648438
558505;-51.196456909179688;-86.296058654785156
563500.5;-48.562057495117187;-90.235298156738281
568496;-52.458663940429688;-97.95684814453125
573491.5;-53.577743530273438;-93.208251953125
578487;-60.337749481201172;-87.848159790039063
583482.5;-60.995552062988281;-91.926498413085938
588478;-60.238693237304688;-108.96920776367187
593473.5;-63.417400360107422;-111.46798706054687
598469;-63.901840209960938;-116.01864624023437
603464.5;-62.526374816894531;-99.411407470703125
608460;-59.621856689453125;-109.01554107666016
613455.5;-66.278755187988281;-101.28260803222656
618451;-65.268745422363281;-109.39531707763672
623446.5;-61.256519317626953;-103.33839416503906
628442;-68.793815612792969;-97.138450622558594
633437.5;-64.9197998046875;-100.24156188964844
638433;-64.579734802246094;-98.438026428222656
643428.5;-64.796333312988281;-105.92214965820312
648424;-67.846328735351563;-99.23638916015625
653419.5;-71.012580871582031;-88.996971130371094
658415;-71.265541076660156;-105.27960968017578
663410.5;-68.217292785644531;-103.97744750976562
668406;-69.199554443359375;-104.41749572753906
673401.5;-66.460456848144531;-118.06149291992187
678397;-69.151535034179688;-108.00798797607422
683392.5;-67.961372375488281;-97.445571899414063
688388;-68.173126220703125;-112.20697784423828
693383.5;-74.332046508789063;-117.55040740966797
698379;-74.906135559082031;-113.08865356445312
703374.5;-72.273635864257813;-109.92037200927734
708370;-71.593948364257813;-98.6607666015625
713365.5;-68.863372802734375;-115.0361328125
718361;-73.187583923339844;-95.777565002441406
723356.5;-71.646934509277344;-105.77696990966797
728352;-74.421592712402344;-126.32157135009766
733347.5;-74.639381408691406;-107.06805419921875
738343;-72.9912109375;-117.99593353271484
743338.5;-71.121696472167969;-104.00348663330078
748334;-72.869468688964844;-114.67227172851562
753329.5;-69.977775573730469;-102.63108062744141
758325;-69.261688232421875;-98.167427062988281
763320.5;-71.242095947265625;-105.38600158691406
768316;-70.0711669921875;-106.95740509033203
773311.5;-70.078773498535156;-103.07661437988281
778307;-67.856689453125;-109.4439697265625
783302.5;-69.382217407226562;-91.77520751953125
788298;-68.932563781738281;-107.37020111083984
793293.5;-68.018745422363281;-103.08834075927734
798289;-67.260406494140625;-97.834182739257813
803284.5;-66.701553344726563;-105.23441314697266
808280;-65.005439758300781;-109.22711944580078
813275.5;-66.315780639648437;-106.11956024169922
818271;-66.219139099121094;-108.74122619628906
823266.5;-65.249008178710938;-101.88459777832031
828262;-64.098426818847656;-99.629341125488281
833257.5;-64.048606872558594;-101.72261810302734
838253;-63.763858795166016;-108.78634643554687
843248.5;-65.258796691894531;-95.637062072753906
848244;-60.321517944335938;-101.67261505126953
853239.5;-62.621177673339844;-104.79489898681641
858235;-64.70819091796875;-102.75444793701172
863230.5;-62.705677032470703;-99.90155029296875
868226;-62.259742736816406;-94.544052124023438
873221.5;-64.116645812988281;-105.27960968017578
878217;-62.701858520507813;-103.82279968261719
883212.5;-59.291709899902344;-90.031913757324219
888208;-61.199108123779297;-96.13909912109375
893203.5;-59.742954254150391;-97.713241577148438
898199;-60.262313842773437;-92.250679016113281
903194.5;-64.98876953125;-97.681686401367188
908190;-63.412162780761719;-90.248680114746094
913185.5;-62.053928375244141;-105.4473876953125
918181;-63.760177612304688;-105.95473480224609
923176.5;-62.158756256103516;-95.838478088378906
928172;-60.930488586425781;-91.759269714355469
933167.5;-62.504615783691406;-93.983207702636719
938163;-64.07012939453125;-107.92565155029297
943158.5;-61.963436126708984;-109.64138793945312
948154;-61.633609771728516;-102.89105987548828
953149.5;-62.537162780761719;-92.3013916015625
958145;-59.520389556884766;-89.547050476074219
963140.5;-61.610309600830078;-99.812545776367188
968136;-60.43267822265625;-105.98745727539062
973131.5;-63.241691589355469;-93.051612854003906
978127;-61.085960388183594;-106.20315551757812
983122.5;-61.745918273925781;-102.64222717285156
988118;-60.807670593261719;-86.245269775390625
993113.5;-60.783504486083984;-91.474151611328125
998109;-58.452129364013672;-98.308441162109375
1003104.5;-60.548347473144531;-92.934135437011719
1008100;-63.166278839111328;-102.89105987548828
1013095.5;-63.781002044677734;-110.10269165039062
1018091;-60.759597778320313;-92.444961547851563
1023086.5;-62.709384918212891;-84.840736389160156
1028082;-61.057857513427734;-87.727188110351563
1033077.5;-60.674812316894531;-98.867660522460938
1038073;-61.915718078613281;-90.849853515625
1043068.5;-63.693603515625;-98.261184692382812
1048064;-63.044902801513672;-89.683914184570313
1053059.5;-62.865737915039062;-104.66726684570312
1058055;-63.471576690673828;-100.62190246582031
1063050.5;-63.219974517822266;-107.44741821289062
1068046;-63.838394165039062;-94.588050842285156
1073041.5;-64.920814514160156;-104.56927490234375
1078037;-66.312889099121094;-116.66633605957031
1083032.5;-65.879959106445313;-112.47949981689453
1088028;-62.947116851806641;-108.92314147949219
1093023.5;-64.655311584472656;-102.19669342041016
1098019;-62.783187866210938;-103.55861663818359
1103014.5;-64.581123352050781;-90.801223754882813
1108010;-64.574714660644531;-92.103630065917969
1113005.5;-67.555686950683594;-86.594924926757813
1118001;-66.864990234375;-94.699043273925781
1122996.5;-64.937202453613281;-104.43118286132812
1127992;-66.409385681152344;-102.94861602783203
1132987.5;-63.653800964355469;-115.08270263671875
1137983;-63.942928314208984;-104.04270172119141
1142978.5;-69.995964050292969;-99.700569152832031
1147974;-67.272369384765625;-99.558700561523438
1152969.5;-67.008682250976563;-105.23441314697266
1157965;-66.4329833984375;-113.08865356445312
1162960.5;-66.151237487792969;-100.53398895263672
1167956;-65.936477661132812;-100.27545928955078
1172951.5;-67.762092590332031;-97.275611877441406
1177947;-66.789894104003906;-101.32083129882812
1182942.5;-67.694007873535156;-103.57101440429687
1187938;-69.474037170410156;-100.87290954589844
1192933.5;-66.641090393066406;-97.732223510742188
1197929;-69.961196899414063;-100.67507934570312
1202924.5;-68.832611083984375;-108.74122619628906
1207920;-69.019950866699219;-107.96672058105469
1212915.5;-72.839485168457031;-106.44161224365234
1217911;-69.606513977050781;-101.58332061767578
1222906.5;-69.242355346679688;-107.52531433105469
1227902;-70.649101257324219;-97.618934631347656
1232897.5;-70.137245178222656;-97.776679992675781
1237893;-70.325569152832031;-114.94373321533203
1242888.5;-68.829200744628906;-109.998046875
1247884;-70.733879089355469;-103.31427764892578
1252879.5;-74.417701721191406;-95.757354736328125
1257875;-72.350013732910156;-94.061737060546875
1262870.5;-76.021766662597656;-110.31584930419922
1267866;-72.913383483886719;-108.71875
1272861.5;-74.102943420410156;-108.54103088378906
1277857;-73.350540161132812;-104.43118286132812
1282852.5;-73.052352905273437;-95.012947082519531
1287848;-73.923347473144531;-96.655136108398438
1292843.5;-73.05975341796875;-108.83170318603516
1297839;-73.499092102050781;-102.3570556640625
1302834.5;-73.478103637695313;-108.76375579833984
1307830;-71.467071533203125;-102.08096313476562
1312825.5;-73.364326477050781;-105.50920867919922
1317821;-70.828651428222656;-117.24560546875
1322816.5;-73.496368408203125;-105.57147216796875
1327812;-71.443389892578125;-104.83786010742187
1332807.5;-70.826080322265625;-98.788604736328125
1337803;-70.843833923339844;-99.613594055175781
1342798.5;-70.007667541503906;-102.67574310302734
1347794;-70.09112548828125;-112.76084899902344
1352789.5;-69.565093994140625;-106.44161224365234
1357785;-71.9388427734375;-100.56904602050781
1362780.5;-69.952644348144531;-98.94744873046875
1367776;-68.691413879394531;-107.38943481445312
1372771.5;-67.019935607910156;-98.009010314941406
1377767;-67.343338012695312;-99.708518981933594
1382762.5;-68.759918212890625;-110.36997985839844
1387758;-68.129608154296875;-108.11200714111328
1392753.5;-65.770263671875;-100.36078643798828
1397749;-68.453948974609375;-104.24147033691406
1402744.5;-67.638534545898437;-95.717071533203125
1407740;-64.849075317382813;-97.40277099609375
1412735.5;-66.069290161132813;-95.982307434082031
1417731;-66.259628295898437;-103.74649047851562
1422726.5;-66.649574279785156;-90.424430847167969
1427722;-64.149215698242187;-93.816131591796875
1432717.5;-66.553535461425781;-100.81851196289062
1437713;-65.403610229492188;-106.92082977294922
1442708.5;-65.756050109863281;-99.99969482421875
1447704;-63.198551177978516;-99.228858947753906
1452699.5;-65.140853881835938;-104.55536651611328
1457695;-64.143905639648438;-93.596923828125
1462690.5;-62.628303527832031;-90.90740966796875
1467686;-64.167930603027344;-99.206306457519531
1472681.5;-65.435539245605469;-103.25424194335937
1477677;-63.664081573486328;-97.360176086425781
1482672.5;-63.594001770019531;-94.663375854492188
1487668;-64.280838012695312;-81.587265014648438
1492663.5;-62.609840393066406;-85.1834716796875
1497659;-63.653049468994141;-106.27062225341797
1502654.5;-63.774520874023438;-115.76239776611328
1507650;-63.660316467285156;-89.272445678710938
1512645.5;-65.290802001953125;-99.274131774902344
1517641;-63.861331939697266;-95.99267578125
1522636.5;-63.143211364746094;-111.52980804443359
1527632;-64.021896362304687;-98.114303588867187
1532627.5;-64.80633544921875;-94.865959167480469
1537623;-62.446098327636719;-96.207931518554688
1542618.5;-61.989253997802734;-98.625587463378906
1547614;-63.154914855957031;-97.4947509765625
1552609.5;-62.307563781738281;-96.716926574707031
1557605;-62.657295227050781;-91.881149291992188
1562600.5;-64.48809814453125;-89.704002380371094
1567596;-64.122856140136719;-100.58663177490234
1572591.5;-64.562187194824219;-101.61298370361328
1577587;-62.162654876708984;-108.49716186523437
1582582.5;-61.816097259521484;-84.891151428222656
1587578;-63.975627899169922;-103.14723205566406
1592573.5;-63.141914367675781;-100.90023803710937
1597569;-63.486431121826172;-109.01554107666016
1602564.5;-62.003017425537109;-88.431770324707031
1607560;-63.339000701904297;-103.42337799072266
1612555.5;-61.782402038574219;-104.13489532470703
1617551;-61.689178466796875;-83.019363403320312
1622546.5;-63.282886505126953;-95.096733093261719
1627542;-62.843231201171875;-92.668411254882813
1632537.5;-64.547874450683594;-106.10293579101562
1637533;-64.626960754394531;-115.96678161621094
1642528.5;-61.995769500732422;-93.272468566894531
1647524;-61.341056823730469;-107.70318603515625
1652519.5;-61.899322509765625;-99.426788330078125
1657515;-62.413127899169922;-100.61307525634766
1662510.5;-62.296630859375;-99.419097900390625
1667506;-64.104499816894531;-109.49290466308594
1672501.5;-64.600662231445312;-100.74650573730469
1677497;-63.388069152832031;-79.91619873046875
1682492.5;-65.750144958496094;-97.390579223632812
1687488;-63.51165771484375;-93.491310119628906
1692483.5;-63.375930786132813;-90.9537353515625
1697479;-64.097900390625;-88.19403076171875
1702474.5;-62.856929779052734;-101.61298370361328
1707470;-63.400836944580078;-98.274650573730469
1712465.5;-62.416172027587891;-102.87959289550781
1717461;-63.846332550048828;-93.787918090820313
1722456.5;-63.308609008789063;-89.879234313964844
1727452;-63.732070922851562;-104.24147033691406
1732447.5;-64.941421508789063;-97.269607543945313
1737443;-65.403610229492188;-98.03521728515625
1742438.5;-63.976276397705078;-85.294731140136719
1747434;-63.204021453857422;-91.939491271972656
1752429.5;-63.658939361572266;-95.045433044433594
1757425;-63.722846984863281;-99.342498779296875
1762420.5;-65.110725402832031;-101.95642852783203
1767416;-65.800041198730469;-88.863594055175781
1772411.5;-67.354270935058594;-100.31802368164062
1777407;-66.825920104980469;-90.413505554199219
1782402.5;-67.247894287109375;-104.52761840820312
1787398;-66.3076171875;-104.05581665039062
1792393.5;-64.928207397460938;-98.107681274414063
1797389;-64.927192687988281;-96.643951416015625
1802384.5;-66.701553344726563;-90.945030212402344
1807380;-67.986709594726563;-103.1590576171875
1812375.5;-67.362907409667969;-97.904983520507813
1817371;-67.704986572265625;-120.56026458740234
1822366.5;-67.041374206542969;-96.830390930175781
1827362;-66.120063781738281;-95.838478088378906
1832357.5;-67.392913818359375;-108.83170318603516
1837353;-70.122718811035156;-106.59842681884766
1842348.5;-68.006126403808594;-98.810089111328125
1847344;-69.053474426269531;-91.415786743164063
1852339.5;-71.031600952148438;-101.58332061767578
1857335;-68.440681457519531;-110.47922515869141
1862330.5;-68.451553344726563;-91.900558471679688
1867326;-70.608268737792969;-110.05020904541016
1872321.5;-69.917800903320312;-105.05593109130859
1877317;-70.964195251464844;-102.46563720703125
1882312.5;-69.735496520996094;-107.96672058105469
1887308;-72.537834167480469;-103.60832214355469
1892303.5;-69.920372009277344;-108.96920776367187
1897299;-70.849571228027344;-103.59586334228516
1902294.5;-71.461212158203125;-113.46800994873047
1907290;-73.854965209960937;-98.674873352050781
1912285.5;-74.392646789550781;-107.18013000488281
1917281;-72.118560791015625;-100.80947113037109
1922276.5;-72.766212463378906;-105.87348175048828
1927272;-73.189834594726562;-110.28892517089844
1932267.5;-73.575698852539062;-101.69258117675781
1937263;-71.473846435546875;-114.153564453125
1942258.5;-71.924224853515625;-101.74269866943359
1947254;-73.446327209472656;-113.70384216308594
1952249.5;-73.476936340332031;-105.30988311767578
1957245;-70.809501647949219;-97.038444519042969
1962240.5;-71.92584228515625;-121.78300476074219
1967236;-71.599891662597656;-127.60391998291016
1972231.5;-72.487808227539063;-97.719558715820313
1977227;-71.808135986328125;-101.349609375
1982222.5;-72.426719665527344;-102.01847076416016
1987218;-69.776969909667969;-103.54623413085937
1992213.5;-70.641815185546875;-104.34937286376953
1997209;-69.530128479003906;-105.49430084228516
2002204.5;-70.178665161132813;-105.02955627441406
2007200;-70.222335815429688;-109.79790496826172
2012195.5;-68.429885864257813;-108.7042236328125
2017191;-68.140129089355469;-98.720573425292969
2022186.5;-67.482681274414063;-98.865982055664063
2027182;-68.229721069335938;-110.71714019775391
2032177.5;-67.577423095703125;-97.794296264648438
2037173;-67.382942199707031;-93.844245910644531
2042168.5;-67.399986267089844;-96.061943054199219
2047164;-68.294685363769531;-103.77140045166016
2052159.5;-66.501304626464844;-98.181449890136719
2057155;-69.154914855957031;-100.32222747802734
2062150.5;-68.855270385742188;-89.804351806640625
2067146;-66.652778625488281;-91.838607788085938
2072141.5;-65.622299194335938;-103.3272705078125
2077137;-67.431243896484375;-103.79866027832031
2082132.5;-67.13470458984375;-105.55113983154297
2087128;-68.058135986328125;-100.50865173339844
2092123.5;-66.9603271484375;-87.157638549804687
2097119;-67.251945495605469;-98.452964782714844
2102114.5;-66.269439697265625;-101.84476470947266
2107110;-64.997970581054687;-95.746070861816406
2112105.5;-65.76434326171875;-105.17153930664062
2117101;-66.642974853515625;-106.71028900146484
2122096.5;-64.3900146484375;-98.807159423828125
2127092;-66.168243408203125;-90.620346069335937
2132087.5;-65.078559875488281;-107.41724395751953
2137083;-64.065383911132812;-103.23957061767578
2142078.5;-65.354949951171875;-90.669342041015625
2147074;-63.907711029052734;-106.54975891113281
2152069.5;-63.686031341552734;-89.537033081054688
2157065;-64.831825256347656;-87.172477722167969
2162060.5;-64.50079345703125;-83.786895751953125
2167056;-65.276748657226562;-98.317550659179688
2172051.5;-64.706916809082031;-101.05922698974609
2177047;-64.752159118652344;-89.310478210449219
2182042.5;-62.984024047851563;-88.290924072265625
2187038;-62.014659881591797;-93.71356201171875
2192033.5;-64.289710998535156;-98.941452026367188
2197029;-64.266448974609375;-99.798423767089844
2202024.5;-64.806076049804688;-102.47895050048828
2207020;-64.155380249023438;-92.888618469238281
2212015.5;-61.854785919189453;-107.59142303466797
2217011;-63.368404388427734;-101.47641754150391
2222006.5;-63.610584259033203;-103.73080444335937
2227002;-62.175125122070313;-101.03095245361328
2231997.5;-63.903507232666016;-107.33268737792969
2236993;-62.227787017822266;-101.04496002197266
2241988.5;-62.605716705322266;-101.61467742919922
2246984;-63.443187713623047;-107.66706848144531
2251979.5;-64.476150512695312;-93.503883361816406
2256975;-62.262718200683594;-96.512176513671875
2261970.5;-64.964462280273438;-89.332809448242188
2266966;-63.593292236328125;-98.970726013183594
2271961.5;-61.820812225341797;-94.2711181640625
2276957;-62.213951110839844;-95.572097778320312
2281952.5;-64.103904724121094;-97.852424621582031
2286948;-63.742965698242188;-90.61260986328125
2291943.5;-62.670204162597656;-97.217658996582031
2296939;-64.422477722167969;-104.44173431396484
2301934.5;-61.918804168701172;-101.88156890869141
2306930;-62.952800750732422;-96.684226989746094
2311925.5;-63.031993865966797;-95.761032104492187
2316921;-62.176963806152344;-101.94932556152344
2321916.5;-64.004203796386719;-100.07647705078125
2326912;-63.136997222900391;-105.33558654785156
2331907.5;-64.121986389160156;-92.028526306152344
2336903;-62.857479095458984;-115.20207214355469
2341898.5;-63.139423370361328;-93.952262878417969
2346894;-65.37371826171875;-99.752975463867188
2351889.5;-63.221057891845703;-102.30661010742187
2356885;-63.496681213378906;-104.97056579589844
2361880.5;-63.311744689941406;-101.76141357421875
2366876;-64.852447509765625;-117.13167572021484
2371871.5;-62.195926666259766;-89.112983703613281
2376867;-63.004005432128906;-95.442626953125
2381862.5;-63.729602813720703;-94.375015258789063
2386858;-62.379432678222656;-95.782630920410156
2391853.5;-63.073192596435547;-100.44271087646484
2396849;-68.153404235839844;-101.30777740478516
2401844.5;-65.538101196289063;-89.636634826660156
2406840;-64.291160583496094;-91.012619018554688
2411835.5;-65.169586181640625;-89.98724365234375
2416831;-66.391387939453125;-110.60199737548828
2421826.5;-66.468254089355469;-99.939689636230469
2426822;-66.280319213867188;-93.4859619140625
2431817.5;-67.270919799804688;-100.68511199951172
2436813;-68.816726684570313;-102.75701904296875
2441808.5;-67.174224853515625;-92.528564453125
2446804;-65.944419860839844;-82.310836791992188
2451799.5;-66.784156799316406;-95.299911499023438
2456795;-67.091644287109375;-86.95025634765625
2461790.5;-66.709884643554688;-93.289436340332031
2466786;-68.286506652832031;-93.265998840332031
2471781.5;-69.284835815429687;-113.35744476318359
2476777;-69.778114318847656;-94.574203491210937
2481772.5;-67.984077453613281;-103.05893707275391
2486768;-68.649620056152344;-99.497901916503906
2491763.5;-67.584663391113281;-117.19245910644531
2496759;-69.616767883300781;-119.88886260986328
2501754.5;-67.849700927734375;-98.568168640136719
2506750;-68.849876403808594;-106.70750427246094
2511745.5;-69.791679382324219;-107.20844268798828
2516741;-69.933883666992188;-105.23610687255859
2521736.5;-73.794776916503906;-106.35884857177734
2526732;-69.032707214355469;-98.634742736816406
2531727.5;-73.074676513671875;-117.68797302246094
2536723;-69.406242370605469;-111.91799163818359
2541718.5;-70.442863464355469;-104.56088256835937
2546714;-73.038566589355469;-121.00559997558594
2551709.5;-72.693771362304688;-94.880638122558594
2556705;-73.940986633300781;-106.78388977050781
2561700.5;-75.192481994628906;-108.49265289306641
2566696;-73.623359680175781;-107.29034423828125
2571691.5;-72.599937438964844;-117.34795379638672
2576687;-73.181495666503906;-98.200576782226563
2581682.5;-73.736824035644531;-113.29981231689453
2586678;-73.704879760742188;-93.225296020507812
2591673.5;-73.523460388183594;-102.98810577392578
2596669;-73.386970520019531;-115.28218841552734
2601664.5;-74.418632507324219;-101.17681884765625
2606660;-75.162750244140625;-108.40925598144531
2611655.5;-73.718971252441406;-126.45258331298828
2616651;-71.064628601074219;-102.22767639160156
2621646.5;-70.073905944824219;-109.25068664550781
2626642;-70.347763061523438;-106.26170349121094
2631637.5;-71.486915588378906;-110.65226745605469
2636633;-68.862541198730469;-102.6473388671875
2641628.5;-70.578483581542969;-105.53366851806641
2646624;-71.484687805175781;-106.06172943115234
2651619.5;-71.0030517578125;-99.669258117675781
2656615;-70.509422302246094;-114.64460754394531
2661610.5;-68.223258972167969;-103.30733489990234
2666606;-69.07440185546875;-104.59474182128906
2671601.5;-69.524612426757813;-109.36764526367187
2676597;-69.278816223144531;-95.684341430664062
2681592.5;-68.589439392089844;-95.122589111328125
2686588;-69.667404174804688;-100.34407043457031
2691583.5;-67.697265625;-91.131248474121094
2696579;-67.533943176269531;-108.57952117919922
2701574.5;-69.558425903320313;-94.52642822265625
2706570;-68.439277648925781;-92.344100952148438
2711565.5;-66.397438049316406;-100.36446380615234
2716561;-66.120040893554688;-100.21981811523437
2721556.5;-67.379753112792969;-92.25048828125
2726552;-66.638084411621094;-96.188987731933594
2731547.5;-66.9742431640625;-102.45992279052734
2736543;-67.177001953125;-96.373908996582031
2741538.5;-68.080268859863281;-86.998336791992188
2746534;-67.098968505859375;-109.66413116455078
2751529.5;-65.440933227539063;-99.499313354492188
2756525;-64.933906555175781;-104.38672637939453
2761520.5;-66.541748046875;-107.66629791259766
2766516;-64.815696716308594;-100.61661529541016
2771511.5;-65.722610473632812;-99.288581848144531
2776507;-65.906204223632813;-92.053604125976563
2781502.5;-65.630455017089844;-98.44384765625
2786498;-63.709175109863281;-98.864143371582031
2791493.5;-63.921821594238281;-91.895332336425781
2796489;-66.734916687011719;-109.76072692871094
2801484.5;-65.981536865234375;-89.826286315917969
2806480;-63.314872741699219;-102.06711578369141
2811475.5;-64.905876159667969;-96.488700866699219
2816471;-64.139915466308594;-102.41783142089844
2821466.5;-65.977500915527344;-87.095710754394531
2826462;-65.485084533691406;-92.722587585449219
2831457.5;-64.650146484375;-106.98753356933594
2836453;-62.607276916503906;-99.805137634277344
2841448.5;-65.705810546875;-109.7103271484375
2846444;-64.335548400878906;-95.62841796875
2851439.5;-62.848220825195313;-93.711639404296875
2856435;-64.527015686035156;-100.32037353515625
2861430.5;-62.980587005615234;-92.341255187988281
2866426;-64.498023986816406;-83.105018615722656
2871421.5;-61.289386749267578;-88.028068542480469
2876417;-64.059326171875;-106.43240356445312
2881412.5;-64.191032409667969;-92.295997619628906
2886408;-63.430332183837891;-108.95247650146484
2891403.5;-63.185550689697266;-106.89473724365234
2896399;-63.41326904296875;-100.89389801025391
2901394.5;-62.677433013916016;-96.691268920898438
2906390;-62.304164886474609;-84.484535217285156
2911385.5;-62.315872192382813;-88.648048400878906
2916381;-65.204986572265625;-105.18594360351562
2921376.5;-63.087867736816406;-95.817955017089844
2926372;-63.174396514892578;-94.473182678222656
2931367.5;-62.857143402099609;-91.017379760742187
2936363;-63.794677734375;-97.236869812011719
2941358.5;-62.236904144287109;-92.677207946777344
2946354;-62.965671539306641;-83.888404846191406
2951349.5;-62.880542755126953;-100.18946838378906
2956345;-64.151878356933594;-93.044387817382812
2961340.5;-64.215240478515625;-103.10096740722656
2966336;-64.259292602539063;-100.01538848876953
2971331.5;-64.101654052734375;-89.670974731445313
2976327;-64.374641418457031;-98.785621643066406
2981322.5;-64.040702819824219;-93.15155029296875
2986318;-63.395275115966797;-97.721672058105469
2991313.5;-64.783775329589844;-98.651901245117187
2996309;-63.058063507080078;-89.065399169921875
3001304.5;-66.38177490234375;-85.267120361328125
3006300;-65.490333557128906;-101.70789337158203
3011295.5;-64.216171264648437;-104.07762145996094
3016291;-65.0943603515625;-103.22852325439453
3021286.5;-66.597526550292969;-96.191055297851562
3026282;-66.662757873535156;-98.202095031738281
3031277.5;-62.854084014892578;-102.70062255859375
3036273;-62.109149932861328;-102.12924957275391
3041268.5;-65.0665283203125;-104.14205932617187
3046264;-64.259742736816406;-101.09785461425781
3051259.5;-63.712680816650391;-105.94565582275391
3056255;-66.739265441894531;-102.75526428222656
3061250.5;-66.691154479980469;-98.705940246582031
3066246;-65.586898803710938;-90.192337036132812
3071241.5;-64.164031982421875;-98.217681884765625
3076237;-66.209396362304688;-92.530586242675781
3081232.5;-66.454788208007813;-114.47449493408203
3086228;-66.213310241699219;-109.99908447265625
3091223.5;-65.151664733886719;-94.377525329589844
3096219;-67.878303527832031;-111.06991577148437
3101214.5;-68.333297729492188;-95.766670227050781
3106210;-68.054573059082031;-102.53813934326172
3111205.5;-66.595932006835938;-95.747817993164063
3116201;-65.461441040039063;-102.95644378662109
3121196.5;-71.074058532714844;-104.95153045654297
3126192;-66.265419006347656;-101.04048919677734
3131187.5;-67.116950988769531;-110.44719696044922
3136183;-69.068794250488281;-112.27295684814453
3141178.5;-71.911582946777344;-101.10016632080078
3146174;-70.386665344238281;-107.79656982421875
3151169.5;-71.511093139648437;-96.35504150390625
3156165;-70.3477783203125;-92.301719665527344
3161160.5;-70.765121459960937;-109.35350036621094
3166156;-70.772872924804687;-101.62632751464844
3171151.5;-69.70257568359375;-108.93888854980469
3176147;-70.995872497558594;-112.8487548828125
3181142.5;-72.736030578613281;-113.48188781738281
3186138;-69.90069580078125;-104.05161285400391
3191133.5;-72.237785339355469;-115.61787414550781
3196129;-69.798210144042969;-105.22332763671875
3201124.5;-71.039482116699219;-100.78598022460937
3206120;-71.672637939453125;-104.24733734130859
3211115.5;-70.517776489257813;-108.80876159667969
3216111;-72.429634094238281;-106.91546630859375
3221106.5;-70.623291015625;-107.60888671875
3226102;-71.717796325683594;-108.32193756103516
3231097.5;-73.956710815429687;-100.60088348388672
3236093;-70.143272399902344;-103.77452087402344
3241088.5;-71.495582580566406;-115.50394439697266
3246084;-72.643463134765625;-109.95541381835937
3251079.5;-72.233665466308594;-96.075492858886719
3256075;-72.747200012207031;-98.942123413085938
3261070.5;-72.252342224121094;-106.58686065673828
3266066;-71.760658264160156;-102.65745544433594
3271061.5;-72.70904541015625;-110.69705963134766
3276057;-69.931243896484375;-104.38223266601562
3281052.5;-74.761474609375;-108.59223175048828
3286048;-70.940025329589844;-123.59968566894531
3291043.5;-71.897117614746094;-111.05480194091797
3296039;-71.407539367675781;-116.49679565429687
3301034.5;-69.699447631835938;-106.87205505371094
3306030;-72.001258850097656;-108.79164123535156
3311025.5;-69.205787658691406;-86.887054443359375
3316021;-69.801139831542969;-112.48822784423828
3321016.5;-70.675575256347656;-106.50228118896484
3326012;-67.192710876464844;-104.25570678710937
3331007.5;-68.783203125;-94.968597412109375
3336003;-66.365165710449219;-91.003250122070312
3340998.5;-69.027381896972656;-93.512580871582031
3345994;-67.124847412109375;-98.072105407714844
3350989.5;-68.148750305175781;-95.630905151367188
3355985;-67.891891479492187;-106.53546905517578
3360980.5;-67.716522216796875;-111.19879150390625
3365976;-68.334564208984375;-121.86405944824219
3370971.5;-65.844383239746094;-93.190399169921875
3375967;-65.202651977539062;-90.963310241699219
3380962.5;-67.733108520507812;-108.99801635742187
3385958;-66.543754577636719;-105.32977294921875
3390953.5;-65.947898864746094;-103.35475158691406
3395949;-65.6737060546875;-113.51406097412109
3400944.5;-67.005607604980469;-95.356147766113281
3405940;-64.890190124511719;-95.896018981933594
3410935.5;-64.053627014160156;-102.91725921630859
3415931;-64.806747436523438;-97.346298217773438
3420926.5;-65.551437377929688;-115.36586761474609
3425922;-61.333580017089844;-90.135108947753906
3430917.5;-65.186546325683594;-97.914169311523438
3435913;-64.74176025390625;-92.010169982910156
3440908.5;-66.196258544921875;-100.79396820068359
3445904;-65.032493591308594;-95.580825805664063
3450899.5;-64.175834655761719;-97.0716552734375
3455895;-63.325229644775391;-90.334548950195313
3460890.5;-65.896820068359375;-93.974143981933594
3465886;-65.052238464355469;-98.228744506835938
3470881.5;-62.018081665039063;-108.91403961181641
3475877;-63.399436950683594;-90.1229248046875
3480872.5;-65.804946899414063;-104.35604095458984
3485868;-66.322967529296875;-100.96676635742187
3490863.5;-67.344902038574219;-89.97857666015625
3495859;-65.710075378417969;-84.701011657714844
3500854.5;-64.623001098632812;-93.974693298339844
3505850;-63.895877838134766;-87.8197021484375
3510845.5;-64.302177429199219;-106.80714416503906
3515841;-66.148765563964844;-89.167213439941406
3520836.5;-64.584968566894531;-100.42691802978516
3525832;-63.048465728759766;-103.10171508789062
3530827.5;-63.848114013671875;-85.9530029296875
3535823;-63.795005798339844;-102.54263305664062
3540818.5;-64.4200439453125;-87.283828735351563
3545814;-64.434783935546875;-107.76693725585937
3550809.5;-64.110809326171875;-97.621528625488281
3555805;-63.019519805908203;-98.459846496582031
3560800.5;-62.544887542724609;-93.317634582519531
3565796;-61.8797607421875;-104.33512115478516
3570791.5;-64.054832458496094;-91.237525939941406
3575787;-64.202720642089844;-91.836677551269531
3580782.5;-65.593345642089844;-85.209449768066406
3585778;-62.609214782714844;-103.15249633789062
3590773.5;-60.530487060546875;-103.61014556884766
3595769;-63.975109100341797;-101.46267700195312
3600764.5;-63.713596343994141;-98.074798583984375
3605760;-62.657943725585937;-99.515106201171875
3610755.5;-65.242561340332031;-87.133148193359375
3615751;-64.7930908203125;-100.21521759033203
3620746.5;-64.894561767578125;-91.444999694824219
3625742;-64.161819458007812;-86.892906188964844
3630737.5;-66.350494384765625;-101.10520935058594
3635733;-65.317192077636719;-92.098358154296875
3640728.5;-62.383113861083984;-105.69606781005859
3645724;-66.007125854492188;-101.95315551757812
3650719.5;-66.1619873046875;-87.829071044921875
3655715;-67.056350708007813;-99.433456420898437
3660710.5;-65.795860290527344;-105.96990966796875
3665706;-65.906295776367188;-100.55313873291016
3670701.5;-64.347686767578125;-105.05664825439453
3675697;-66.235015869140625;-91.418624877929688
3680692.5;-65.296966552734375;-104.99474334716797
3685688;-66.291290283203125;-95.914527893066406
3690683.5;-64.522529602050781;-103.72743988037109
3695679;-65.203475952148438;-89.552810668945313
3700674.5;-63.959754943847656;-100.48278045654297
3705670;-66.805892944335938;-104.27999877929687
3710665.5;-68.064155578613281;-104.01737213134766
3715661;-66.630683898925781;-101.80139923095703
3720656.5;-64.764816284179687;-101.08951568603516
3725652;-66.85284423828125;-101.57946014404297
3730647.5;-65.002052307128906;-105.62497711181641
3735643;-64.706954956054688;-96.384864807128906
3740638.5;-66.990104675292969;-83.816337585449219
3745634;-65.723030090332031;-104.32395172119141
3750629.5;-66.459831237792969;-113.19624328613281
3755625;-67.746376037597656;-103.47646331787109
3760620.5;-67.395530700683594;-89.375808715820313
3765616;-68.716026306152344;-96.761207580566406
3770611.5;-69.230461120605469;-103.9874267578125
3775607;-68.732276916503906;-108.25567626953125
3780602.5;-70.304588317871094;-116.78389739990234
3785598;-68.396018981933594;-95.750732421875
3790593.5;-70.515914916992188;-96.357643127441406
3795589;-68.390327453613281;-103.91747283935547
3800584.5;-69.324943542480469;-104.42462158203125
3805580;-67.72662353515625;-92.991081237792969
3810575.5;-71.147743225097656;-112.53805541992187
3815571;-72.125389099121094;-98.319015502929688
3820566.5;-68.119537353515625;-103.26678466796875
3825562;-70.255828857421875;-118.37913513183594
3830557.5;-72.086898803710938;-102.91144561767578
3835553;-72.079498291015625;-105.39537048339844
3840548.5;-71.843757629394531;-107.21942138671875
3845544;-74.24432373046875;-113.31083679199219
3850539.5;-71.037315368652344;-95.624130249023438
3855535;-71.762741088867188;-105.21389007568359
3860530.5;-72.951423645019531;-105.65971374511719
3865526;-72.018096923828125;-105.86349487304687
3870521.5;-74.086891174316406;-100.97818756103516
3875517;-71.992286682128906;-101.21583557128906
3880512.5;-72.6431884765625;-115.72423553466797
3885508;-71.399238586425781;-106.03474426269531
3890503.5;-72.288185119628906;-115.82005310058594
3895499;-73.029220581054688;-97.829536437988281
3900494.5;-72.938034057617188;-111.10903930664062
3905490;-71.126365661621094;-109.87560272216797
3910485.5;-71.296707153320312;-108.63507080078125
3915481;-70.106636047363281;-111.92296600341797
3920476.5;-71.694725036621094;-98.1883544921875
3925472;-70.090476989746094;-107.52005004882812
3930467.5;-72.098304748535156;-106.20613861083984
3935463;-71.245620727539063;-104.57731628417969
3940458.5;-69.735992431640625;-105.95835113525391
3945454;-69.242805480957031;-98.236557006835938
3950449.5;-70.279945373535156;-98.45843505859375
3955445;-70.804580688476563;-90.0439453125
3960440.5;-71.042335510253906;-108.59969329833984
3965436;-68.4886474609375;-98.032241821289063
3970431.5;-69.126823425292969;-95.383094787597656
3975427;-68.163017272949219;-93.137008666992188
3980422.5;-67.598014831542969;-100.81072998046875
3985418;-68.912673950195313;-110.76081085205078
3990413.5;-68.964523315429687;-117.09408569335937
3995409;-66.981521606445312;-93.769889831542969
4000404.5;-68.550575256347656;-96.578117370605469
4005400;-65.136604309082031;-105.87398529052734
4010395.5;-68.445281982421875;-100.67380523681641
4015391;-67.85919189453125;-108.99185180664062
4020386.5;-67.769607543945313;-115.83884429931641
4025382;-67.552909851074219;-100.61856079101562
4030377.5;-67.330856323242187;-99.582435607910156
4035373;-67.153327941894531;-88.586662292480469
4040368.5;-66.262229919433594;-88.718429565429687
4045364;-64.537635803222656;-96.357810974121094
4050359.5;-67.513572692871094;-90.78997802734375
4055355;-66.240310668945313;-101.68037414550781
4060350.5;-65.1053466796875;-108.05748748779297
4065346;-67.41796875;-101.17642974853516
4070341.5;-66.439491271972656;-95.12921142578125
4075337;-64.915267944335938;-92.142738342285156
4080332.5;-64.960960388183594;-89.9464111328125
4085328;-67.509552001953125;-100.77774047851562
4090323.5;-65.058891296386719;-102.57780456542969
4095319;-67.448326110839844;-99.478515625
4100314.5;-65.317237854003906;-87.469284057617188
4105310;-64.378814697265625;-94.180328369140625
4110305.5;-65.842094421386719;-92.771759033203125
4115301;-65.977836608886719;-90.032096862792969
4120296.5;-64.32684326171875;-101.45250701904297
4125292;-65.767127990722656;-89.277046203613281
4130287.5;-65.64697265625;-105.50410461425781
4135283;-67.689773559570313;-101.40894317626953
4140278.5;-64.668251037597656;-86.778358459472656
4145274;-64.958961486816406;-97.520416259765625
4150269.5;-64.512565612792969;-106.11212158203125
4155265;-63.794246673583984;-102.46631622314453
4160260.5;-63.273513793945313;-101.17716979980469
4165256;-64.318351745605469;-99.724990844726563
4170251.5;-64.495765686035156;-99.181198120117187
4175247;-63.05914306640625;-93.418563842773438
4180242.5;-64.939361572265625;-101.91792297363281
4185238;-62.377880096435547;-99.437705993652344
4190233.5;-64.838050842285156;-103.45628356933594
4195229;-65.188621520996094;-89.063499450683594
4200224.5;-63.058792114257813;-100.87943267822266
4205220;-63.118976593017578;-98.932670593261719
4210215.5;-63.391288757324219;-91.597846984863281
4215211;-63.831130981445313;-96.934585571289063
4220206.5;-64.313545227050781;-90.682815551757812
4225202;-66.333793640136719;-88.145881652832031
4230197.5;-65.403617858886719;-105.89395141601562
4235193;-63.065883636474609;-105.91091918945312
4240188.5;-65.744270324707031;-92.724647521972656
4245184;-64.654434204101563;-93.614311218261719
4250179.5;-65.382789611816406;-102.38284301757812
4255175;-63.485485076904297;-100.66332244873047
4260170.5;-63.949565887451172;-95.293899536132813
4265166;-65.993934631347656;-85.678733825683594
4270161.5;-65.0975341796875;-86.198524475097656
4275157;-68.45233154296875;-95.817741394042969
4280152.5;-65.66912841796875;-88.336105346679688
4285148;-65.188529968261719;-98.810211181640625
4290143.5;-65.659370422363281;-110.47811889648437
4295139;-64.910423278808594;-94.958076477050781
4300134.5;-66.028854370117188;-96.154136657714844
4305130;-65.896072387695312;-101.02452850341797
4310125.5;-65.911277770996094;-96.813888549804687
4315121;-67.766433715820313;-102.70819854736328
4320116.5;-66.219558715820313;-98.156517028808594
4325112;-65.866485595703125;-107.15380859375
4330107.5;-69.337356567382813;-107.50832366943359
4335103;-68.685508728027344;-114.77980804443359
4340098.5;-66.947128295898437;-92.518829345703125
4345094;-68.136589050292969;-99.885101318359375
4350089.5;-65.5828857421875;-102.39840698242187
4355085;-68.977294921875;-89.578262329101563
4360080.5;-68.066017150878906;-102.59551239013672
4365076;-69.465484619140625;-101.73164367675781
4370071.5;-68.053016662597656;-95.302482604980469
4375067;-67.815872192382813;-96.24078369140625
4380062.5;-65.937675476074219;-111.2821044921875
4385058;-68.716796875;-110.03656768798828
4390053.5;-68.815574645996094;-99.540733337402344
4395049;-69.433815002441406;-88.216621398925781
4400044.5;-68.4683837890625;-99.245040893554688
4405040;-67.04302978515625;-102.95563507080078
4410035.5;-68.973869323730469;-105.29074096679687
4415031;-70.021461486816406;-100.29257965087891
4420026.5;-70.594932556152344;-99.249183654785156
4425022;-70.068939208984375;-102.7769775390625
4430017.5;-70.863082885742187;-108.92937469482422
4435013;-72.169876098632813;-107.22917175292969
4440008.5;-71.125236511230469;-100.40286254882812
4445004;-70.981834411621094;-108.24524688720703
4449999.5;-70.687278747558594;-107.07424163818359
4454995;-71.33123779296875;-109.67310333251953
4459990.5;-72.941177368164063;-99.389694213867188
4464986;-72.210685729980469;-99.808502197265625
4469981.5;-69.9349365234375;-102.36837768554687
4474977;-72.399490356445313;-114.50656127929687
4479972.5;-71.576942443847656;-103.48281097412109
4484968;-69.670478820800781;-96.124427795410156
4489963.5;-71.599632263183594;-115.43396759033203
4494959;-72.93524169921875;-99.817588806152344
4499954.5;-71.823844909667969;-106.64500427246094
4504950;-72.484275817871094;-103.73389434814453
4509945.5;-73.570816040039063;-91.747543334960938
4514941;-70.0489501953125;-113.66229248046875
4519936.5;-69.44927978515625;-95.01422119140625
4524932;-74.912864685058594;-134.88160705566406
4529927.5;-72.374374389648437;-109.33002471923828
4534923;-72.646156311035156;-106.21593475341797
4539918.5;-70.41595458984375;-89.111251831054687
4544914;-69.717620849609375;-108.20690155029297
4549909.5;-69.662391662597656;-106.20943450927734
4554905;-69.308914184570313;-89.911491394042969
4559900.5;-71.120773315429687;-99.5775146484375
4564896;-71.153656005859375;-90.666557312011719
4569891.5;-70.342849731445312;-111.67836761474609
4574887;-68.495468139648437;-100.07963562011719
4579882.5;-71.444175720214844;-102.75223541259766
4584878;-71.357002258300781;-103.50714874267578
4589873.5;-70.757881164550781;-106.94185638427734
4594869;-71.344551086425781;-108.53131103515625
4599864.5;-70.683128356933594;-95.8941650390625
4604860;-71.191513061523437;-101.25862121582031
4609855.5;-68.548812866210937;-107.32292938232422
4614851;-69.549339294433594;-98.124290466308594
4619846.5;-68.785308837890625;-108.39462280273438
4624842;-68.591972351074219;-100.08497619628906
4629837.5;-69.115135192871094;-96.152023315429687
4634833;-68.776435852050781;-107.89689636230469
4639828.5;-69.292633056640625;-91.332359313964844
4644824;-66.738182067871094;-89.385391235351563
4649819.5;-65.784210205078125;-98.029716491699219
4654815;-68.638526916503906;-101.12320709228516
4659810.5;-69.003105163574219;-105.33290863037109
4664806;-69.499542236328125;-110.37089538574219
4669801.5;-69.736640930175781;-107.04799652099609
4674797;-69.541831970214844;-109.02069854736328
4679792.5;-65.389129638671875;-87.83197021484375
4684788;-68.185897827148438;-106.22385406494141
4689783.5;-67.476211547851562;-90.6514892578125
4694779;-65.925117492675781;-108.23258209228516
4699774.5;-68.750694274902344;-109.09406280517578
4704770;-68.355758666992187;-105.58160400390625
4709765.5;-67.924980163574219;-100.72161865234375
4714761;-65.915092468261719;-102.29569244384766
4719756.5;-65.355148315429687;-97.123970031738281
4724752;-65.849029541015625;-94.178871154785156
4729747.5;-64.600852966308594;-87.24041748046875
4734743;-67.514991760253906;-104.26065826416016
4739738.5;-65.531173706054687;-96.959709167480469
4744734;-66.452415466308594;-104.78614044189453
4749729.5;-65.669120788574219;-102.00838470458984
4754725;-65.455047607421875;-101.87938690185547
4759720.5;-64.305084228515625;-111.12480163574219
4764716;-65.383949279785156;-94.677116394042969
4769711.5;-67.6041259765625;-91.039726257324219
4774707;-69.123619079589844;-105.49948120117187
4779702.5;-65.366348266601563;-89.895248413085938
4784698;-64.72198486328125;-97.620285034179688
4789693.5;-64.569488525390625;-102.455810546875
4794689;-65.510200500488281;-98.804519653320313
4799684.5;-66.936622619628906;-94.891853332519531
4804680;-65.585670471191406;-109.79555511474609
4809675.5;-66.662551879882813;-111.12638092041016
4814671;-66.347488403320313;-93.440200805664063
4819666.5;-65.071571350097656;-102.35194396972656
4824662;-65.626914978027344;-107.53738403320313
4829657.5;-65.517082214355469;-97.299835205078125
4834653;-69.298583984375;-111.34355163574219
4839648.5;-68.201019287109375;-98.279121398925781
4844644;-63.488296508789062;-100.88618469238281
4849639.5;-66.290351867675781;-94.87213134765625
4854635;-63.580734252929688;-106.46042633056641
4859630.5;-63.23828125;-101.65280151367187
4864626;-64.907508850097656;-102.62702941894531
4869621.5;-67.479843139648437;-113.31985473632812
4874617;-66.741310119628906;-99.253196716308594
4879612.5;-65.096824645996094;-102.62564086914062
4884608;-66.162826538085938;-103.35501861572266
4889603.5;-64.881385803222656;-95.35394287109375
4894599;-64.015869140625;-106.90271759033203
4899594.5;-65.904136657714844;-115.5697021484375
4904590;-68.965469360351563;-99.256492614746094
4909585.5;-69.842300415039063;-104.03893280029297
4914581;-67.159599304199219;-102.01753997802734
4919576.5;-66.897186279296875;-102.46989440917969
4924572;-68.970527648925781;-100.68521118164062
4929567.5;-66.310646057128906;-96.422401428222656
4934563;-66.917678833007813;-110.39988708496094
4939558.5;-67.429115295410156;-105.82879638671875
4944554;-64.935173034667969;-101.07213592529297
4949549.5;-68.514694213867188;-100.330810546875
4954545;-65.942802429199219;-97.511314392089844
4959540.5;-66.691261291503906;-97.902458190917969
4964536;-70.270805358886719;-118.50206756591797
4969531.5;-66.472450256347656;-105.84487152099609
4974527;-68.652969360351563;-89.635345458984375
4979522.5;-68.138587951660156;-108.79454040527344
4984518;-69.755859375;-102.62555694580078
4989513.5;-68.129302978515625;-104.97852325439453
4994509;-68.719535827636719;-96.052947998046875
4999504.5;-68.362251281738281;-114.74998474121094
5004500;-69.071708679199219;-101.33485412597656
5009495.5;-68.91986083984375;-114.17119598388672
5014491;-70.707313537597656;-107.44175720214844
5019486.5;-68.812919616699219;-108.79693603515625
5024482;-69.292083740234375;-106.36283111572266
5029477.5;-67.620132446289063;-98.093696594238281
5034473;-67.9139404296875;-105.11375427246094
5039468.5;-71.06329345703125;-97.285316467285156
5044464;-71.105728149414063;-110.59780120849609
5049459.5;-70.933433532714844;-104.09184265136719
5054455;-68.477210998535156;-107.99993896484375
5059450.5;-68.508087158203125;-90.321022033691406
5064446;-69.973182678222656;-99.950141906738281
5069441.5;-69.703887939453125;-112.86441802978516
5074437;-71.453849792480469;-100.09348297119141
5079432.5;-72.029823303222656;-96.40673828125
5084428;-69.185745239257812;-117.52389526367187
5089423.5;-71.783340454101563;-98.081642150878906
5094419;-67.5556640625;-105.39804840087891
5099414.5;-72.534004211425781;-114.9176025390625
5104410;-70.183944702148438;-103.75393676757812
5109405.5;-70.868827819824219;-100.69462585449219
5114401;-70.719528198242188;-99.111198425292969
5119396.5;-71.14788818359375;-97.604911804199219
5124392;-69.163528442382812;-100.53328704833984
5129387.5;-69.023788452148438;-113.39480590820312
5134383;-71.309310913085938;-117.75999450683594
5139378.5;-70.141250610351563;-106.82099151611328
5144374;-72.593658447265625;-112.81427764892578
5149369.5;-68.095245361328125;-104.16751861572266
5154365;-72.851432800292969;-103.28719329833984
5159360.5;-71.223968505859375;-105.73219299316406
5164356;-69.900924682617188;-104.04377746582031
5169351.5;-69.34326171875;-116.36447143554687
5174347;-68.962669372558594;-106.61721038818359
5179342.5;-71.48211669921875;-106.26120758056641
5184338;-72.014663696289063;-93.704383850097656
5189333.5;-74.557357788085938;-112.74899291992187
5194329;-71.031036376953125;-107.45723724365234
5199324.5;-68.380264282226562;-102.86328125
5204320;-74.760322570800781;-102.79975891113281
5209315.5;-73.57269287109375;-105.89240264892578
5214311;-68.798248291015625;-107.71310424804688
5219306.5;-71.5787353515625;-92.664848327636719
5224302;-67.084747314453125;-103.89259338378906
5229297.5;-72.166130065917969;-107.82117462158203
5234293;-68.854537963867187;-95.453605651855469
5239288.5;-69.843055725097656;-95.615135192871094
5244284;-71.283721923828125;-107.79573822021484
5249279.5;-67.426010131835938;-103.23871612548828
5254275;-68.093086242675781;-104.39134979248047
5259270.5;-67.558876037597656;-99.269798278808594
5264266;-69.42388916015625;-98.691993713378906
5269261.5;-69.814826965332031;-102.30467987060547
5274257;-70.36285400390625;-107.59733581542969
5279252.5;-69.909652709960938;-117.62837219238281
5284248;-67.313575744628906;-103.74521636962891
5289243.5;-68.436904907226563;-96.652137756347656
5294239;-68.702117919921875;-107.07093048095703
5299234.5;-66.410247802734375;-97.572135925292969
5304230;-67.023139953613281;-106.76040649414062
5309225.5;-68.325637817382812;-95.797721862792969
5314221;-68.872505187988281;-97.683387756347656
5319216.5;-68.323570251464844;-102.55593109130859
5324212;-67.36199951171875;-100.30425262451172
5329207.5;-67.407951354980469;-93.046180725097656
5334203;-68.528526306152344;-106.68828582763672
5339198.5;-69.891975402832031;-106.73494720458984
5344194;-67.621810913085937;-88.470680236816406
5349189.5;-67.275253295898437;-98.10052490234375
5354185;-66.325790405273437;-91.293373107910156
5359180.5;-67.457618713378906;-93.643936157226563
5364176;-65.352157592773437;-98.922836303710937
5369171.5;-68.77581787109375;-88.141067504882812
5374167;-66.938339233398438;-99.714958190917969
5379162.5;-67.348403930664062;-101.52770233154297
5384158;-64.002265930175781;-91.487457275390625
5389153.5;-67.044357299804687;-102.08988189697266
5394149;-66.615646362304688;-112.71183776855469
5399144.5;-66.202529907226563;-102.94199371337891
5404140;-68.406822204589844;-100.42463684082031
5409135.5;-66.248191833496094;-102.10918426513672
5414131;-67.117469787597656;-99.447151184082031
5419126.5;-66.490303039550781;-116.54353332519531
5424122;-67.418426513671875;-98.118988037109375
5429117.5;-65.508087158203125;-91.498908996582031
5434113;-66.229957580566406;-91.456184387207031
5439108.5;-66.218177795410156;-100.35184478759766
5444104;-66.508110046386719;-95.229637145996094
5449099.5;-66.716339111328125;-113.95963287353516
5454095;-66.088310241699219;-94.033035278320313
5459090.5;-66.676223754882813;-97.591415405273437
5464086;-67.469001770019531;-108.71810150146484
5469081.5;-66.525482177734375;-92.601768493652344
5474077;-66.724052429199219;-91.007453918457031
5479072.5;-67.377471923828125;-96.46331787109375
5484068;-64.472824096679688;-103.45400238037109
5489063.5;-65.456748962402344;-107.67999267578125
5494059;-67.348716735839844;-95.698478698730469
5499054.5;-67.75445556640625;-96.659080505371094
5504050;-65.711463928222656;-96.666328430175781
5509045.5;-68.442344665527344;-99.000518798828125
5514041;-66.329391479492187;-109.51066589355469
5519036.5;-66.200828552246094;-103.35376739501953
5524032;-64.479339599609375;-91.2294921875
5529027.5;-68.373756408691406;-105.56737518310547
5534023;-66.508514404296875;-108.20534515380859
5539018.5;-69.000778198242188;-100.26644134521484
5544014;-65.282615661621094;-92.310317993164063
5549009.5;-67.287422180175781;-106.00759124755859
5554005;-68.726646423339844;-96.615867614746094
5559000.5;-66.607780456542969;-95.684417724609375
5563996;-67.905593872070313;-110.51061248779297
5568991.5;-67.76385498046875;-112.9229736328125
5573987;-68.253303527832031;-105.14595031738281
5578982.5;-66.06512451171875;-102.75912475585937
5583978;-65.808807373046875;-113.08000183105469
5588973.5;-68.049835205078125;-99.421623229980469
5593969;-67.943084716796875;-101.10448455810547
5598964.5;-66.499870300292969;-93.939964294433594
5603960;-67.908302307128906;-120.58148193359375
5608955.5;-69.227821350097656;-111.55497741699219
5613951;-68.089027404785156;-108.36944580078125
5618946.5;-70.206520080566406;-97.025077819824219
5623942;-70.12750244140625;-105.40502166748047
5628937.5;-69.455184936523438;-98.32696533203125
5633933;-69.798561096191406;-95.468399047851563
5638928.5;-72.236648559570312;-102.37970733642578
5643924;-69.26373291015625;-93.7447509765625
5648919.5;-69.894927978515625;-101.05111694335937
5653915;-68.07977294921875;-92.570091247558594
5658910.5;-67.619621276855469;-112.79572296142578
5663906;-67.747482299804688;-103.81398010253906
5668901.5;-69.627792358398438;-101.36690521240234
5673897;-70.7745361328125;-102.25115966796875
5678892.5;-71.358253479003906;-107.76555633544922
5683888;-69.003593444824219;-105.21695709228516
5688883.5;-70.201683044433594;-104.55697631835937
5693879;-70.814414978027344;-96.344985961914063
5698874.5;-73.238327026367188;-103.57917785644531
5703870;-70.783050537109375;-102.94602203369141
5708865.5;-69.184677124023438;-111.07160949707031
5713861;-70.253318786621094;-111.05065155029297
5718856.5;-70.292030334472656;-107.14677429199219
5723852;-68.15606689453125;-102.02394866943359
5728847.5;-70.191230773925781;-104.64582061767578
5733843;-72.258781433105469;-101.92151641845703
5738838.5;-70.608840942382812;-94.118362426757813
5743834;-69.851127624511719;-112.66925811767578
5748829.5;-72.012138366699219;-103.28223419189453
5753825;-69.778648376464844;-105.43758392333984
5758820.5;-70.24969482421875;-98.980613708496094
5763816;-69.518630981445313;-109.84708404541016
5768811.5;-71.645225524902344;-102.25920104980469
5773807;-70.975593566894531;-96.97686767578125
5778802.5;-71.963470458984375;-101.8472900390625
5783798;-71.446907043457031;-103.58483123779297
5788793.5;-70.173538208007813;-104.35685729980469
5793789;-72.063385009765625;-107.12694549560547
5798784.5;-70.462318420410156;-92.850479125976563
5803780;-68.416122436523437;-105.45204162597656
5808775.5;-71.637489318847656;-117.65757751464844
5813771;-70.886062622070312;-112.10370635986328
5818766.5;-70.787368774414063;-107.12540435791016
5823762;-70.258796691894531;-112.97140502929687
5828757.5;-67.839279174804687;-101.82533264160156
5833753;-70.927680969238281;-101.62776947021484
5838748.5;-68.502212524414063;-100.17577362060547
5843744;-69.640357971191406;-101.58574676513672
5848739.5;-68.091850280761719;-97.431533813476563
5853735;-71.056312561035156;-98.502525329589844
5858730.5;-70.225921630859375;-98.999069213867188
5863726;-70.631576538085938;-110.10796356201172
5868721.5;-68.256263732910156;-93.917167663574219
5873717;-68.177131652832031;-100.86247253417969
5878712.5;-69.351890563964844;-102.51702880859375
5883708;-68.950820922851563;-100.15313720703125
5888703.5;-70.428855895996094;-102.96192932128906
5893699;-69.049476623535156;-88.142303466796875
5898694.5;-69.733955383300781;-104.35079956054687
5903690;-68.423202514648437;-100.15718841552734
5908685.5;-69.895919799804688;-96.711570739746094
5913681;-70.438987731933594;-103.60486602783203
5918676.5;-68.881248474121094;-96.200088500976562
5923672;-68.30999755859375;-99.028053283691406
5928667.5;-66.799720764160156;-97.144050598144531
5933663;-68.3143310546875;-106.83601379394531
5938658.5;-69.069694519042969;-105.85075378417969
5943654;-70.153343200683594;-95.358840942382813
5948649.5;-66.902587890625;-100.73078918457031
5953645;-66.281326293945312;-100.76898956298828
5958640.5;-66.566413879394531;-104.89402770996094
5963636;-68.3564453125;-102.89238739013672
5968631.5;-67.844940185546875;-104.99141693115234
5973627;-66.535270690917969;-106.49256134033203
5978622.5;-67.99200439453125;-93.181121826171875
5983618;-67.233673095703125;-100.06793975830078
5988613.5;-65.861442565917969;-108.01304626464844
5993609;-65.811294555664063;-97.617240905761719
5998604.5;-65.282905578613281;-97.35711669921875
6003600;-67.699485778808594;-102.84129333496094
6008595.5;-66.281829833984375;-97.56591796875
6013591;-67.341377258300781;-100.01831817626953
6018586.5;-68.567779541015625;-92.045158386230469
6023582;-65.768402099609375;-100.42964935302734
6028577.5;-66.003990173339844;-95.077354431152344
6033573;-65.700942993164062;-98.299720764160156
6038568.5;-64.883377075195313;-101.99370574951172
6043564;-68.055595397949219;-96.827598571777344
6048559.5;-67.979042053222656;-100.64938354492187
6053555;-68.0093994140625;-105.53542327880859
6058550.5;-65.543121337890625;-104.48909759521484
6063546;-67.835243225097656;-106.48430633544922
6068541.5;-66.722747802734375;-107.54582977294922
6073537;-66.470451354980469;-100.69712829589844
6078532.5;-65.246711730957031;-109.26826477050781
6083528;-66.1968994140625;-98.751419067382813
6088523.5;-68.222785949707031;-102.66228485107422
6093519;-66.242340087890625;-98.093650817871094
6098514.5;-67.210990905761719;-106.19359588623047
6103510;-63.220752716064453;-106.61466217041016
6108505.5;-66.749061584472656;-116.68708801269531
6113501;-67.503013610839844;-91.951942443847656
6118496.5;-67.321495056152344;-101.62045288085937
6123492;-68.816558837890625;-94.60791015625
6128487.5;-68.044090270996094;-95.091651916503906
6133483;-69.415969848632812;-106.53369140625
6138478.5;-67.808822631835937;-90.659774780273438
6143474;-64.309745788574219;-106.60746002197266
6148469.5;-67.92132568359375;-100.21170806884766
6153465;-65.076637268066406;-106.20848846435547
6158460.5;-68.536788940429687;-98.299758911132813
6163456;-67.727073669433594;-106.65912628173828
6168451.5;-66.738906860351562;-97.310676574707031
6173447;-67.551101684570313;-112.6158447265625
6178442.5;-67.058525085449219;-92.231330871582031
6183438;-68.589195251464844;-106.76685333251953
6188433.5;-67.206085205078125;-97.926895141601563
6193429;-68.142135620117187;-94.615936279296875
6198424.5;-67.260238647460938;-100.19770812988281
6203420;-68.619819641113281;-95.075126647949219
6208415.5;-67.166786193847656;-104.81901550292969
6213411;-67.919769287109375;-108.12810516357422
6218406.5;-68.554855346679688;-101.61722564697266
6223402;-69.153129577636719;-99.095916748046875
6228397.5;-71.209991455078125;-101.65328979492187
6233393;-67.748237609863281;-92.087600708007813
6238388.5;-69.286781311035156;-94.10601806640625
6243384;-65.7144775390625;-102.74137878417969
6248379.5;-68.271011352539062;-112.49073791503906
6253375;-66.895248413085938;-111.286376953125
6258370.5;-67.474113464355469;-119.24771881103516
6263366;-69.571586608886719;-103.38919830322266
6268361.5;-69.992927551269531;-100.62312316894531
6273357;-68.615272521972656;-94.261489868164062
6278352.5;-68.733932495117188;-97.610954284667969
6283348;-70.259864807128906;-119.49846649169922
6288343.5;-70.192115783691406;-95.971153259277344
6293339;-70.997100830078125;-99.125862121582031
6298334.5;-67.609214782714844;-106.44186401367187
6303330;-71.585411071777344;-104.50621032714844
6308325.5;-67.3671875;-102.5662841796875
6313321;-70.170860290527344;-107.06028747558594
6318316.5;-68.634269714355469;-106.47891235351562
6323312;-70.532951354980469;-107.16663360595703
6328307.5;-70.301795959472656;-92.216346740722656
6333303;-69.991615295410156;-96.683662414550781
6338298.5;-70.321311950683594;-108.07813262939453
6343294;-71.442626953125;-103.49643707275391
6348289.5;-70.683120727539062;-94.332855224609375
6353285;-72.233528137207031;-106.32372283935547
6358280.5;-70.718330383300781;-101.21497344970703
6363276;-70.151031494140625;-116.09825897216797
6368271.5;-71.78045654296875;-101.08934783935547
6373267;-68.667854309082031;-101.45249176025391
6378262.5;-70.766647338867187;-97.282005310058594
6383258;-68.491226196289063;-91.404502868652344
6388253.5;-71.074615478515625;-108.31610870361328
6393249;-69.477455139160156;-116.07307434082031
6398244.5;-69.405464172363281;-102.080078125
6403240;-70.228317260742187;-101.83615875244141
6408235.5;-70.055885314941406;-99.155715942382812
6413231;-69.948898315429687;-108.41197967529297
6418226.5;-68.646614074707031;-126.74779510498047
6423222;-68.144302368164063;-111.49130249023437
6428217.5;-68.584892272949219;-106.03858184814453
6433213;-67.546180725097656;-100.7210693359375
6438208.5;-70.099098205566406;-101.79930877685547
6443204;-69.337615966796875;-92.254241943359375
6448199.5;-70.052108764648438;-101.09420013427734
6453195;-69.18682861328125;-131.388427734375
6458190.5;-70.229843139648437;-119.29128265380859
6463186;-68.268440246582031;-109.40850067138672
6468181.5;-68.790275573730469;-96.407203674316406
6473177;-68.657196044921875;-105.13497161865234
6478172.5;-69.301849365234375;-102.16943359375
6483168;-67.020828247070312;-126.50950622558594
6488163.5;-69.208694458007813;-97.684196472167969
6493159;-67.566383361816406;-107.00950622558594
6498154.5;-69.016998291015625;-105.32064819335937
6503150;-68.838973999023438;-85.261711120605469
6508145.5;-66.868209838867188;-100.58220672607422
6513141;-67.629844665527344;-98.287239074707031
6518136.5;-68.427398681640625;-88.766372680664063
6523132;-66.117973327636719;-96.281974792480469
6528127.5;-68.444648742675781;-105.11750030517578
6533123;-67.974983215332031;-118.44359588623047
6538118.5;-68.212860107421875;-105.45828247070312
6543114;-67.259864807128906;-99.317192077636719
6548109.5;-66.615402221679687;-98.166458129882813
6553105;-65.36456298828125;-90.770980834960938
6558100.5;-67.844451904296875;-96.332748413085937
6563096;-67.38214111328125;-102.18851470947266
6568091.5;-65.387161254882812;-100.83135223388672
6573087;-67.298431396484375;-100.96630859375
6578082.5;-64.356552124023437;-104.31000518798828
6583078;-67.346435546875;-111.86330413818359
6588073.5;-68.162704467773438;-107.84208679199219
6593069;-68.249519348144531;-102.33419799804687
6598064.5;-68.646995544433594;-102.8699951171875
6603060;-67.338081359863281;-100.58361053466797
6608055.5;-66.199920654296875;-98.582473754882813
6613051;-67.790672302246094;-99.072418212890625
6618046.5;-67.018440246582031;-111.71061706542969
6623042;-67.621116638183594;-101.42369079589844
6628037.5;-69.318870544433594;-95.592117309570313
6633033;-67.289543151855469;-91.670135498046875
6638028.5;-64.45599365234375;-98.906768798828125
6643024;-65.141395568847656;-104.85300445556641
6648019.5;-65.424125671386719;-94.189376831054687
6653015;-66.00994873046875;-82.670600891113281
6658010.5;-67.530303955078125;-102.45813751220703
6663006;-64.294471740722656;-95.750595092773438
6668001.5;-64.477577209472656;-104.11180877685547
6672997;-66.685256958007813;-109.70449829101562
6677992.5;-65.654769897460937;-99.919929504394531
6682988;-66.537445068359375;-94.634071350097656
6687983.5;-66.316726684570313;-93.4788818359375
6692979;-67.219749450683594;-110.24605560302734
6697974.5;-64.852561950683594;-97.2750244140625
6702970;-67.686676025390625;-92.103530883789063
6707965.5;-67.367904663085938;-96.089576721191406
6712961;-68.818962097167969;-104.07479858398437
6717956.5;-66.738471984863281;-105.70491790771484
6722952;-68.675033569335938;-102.36775207519531
6727947.5;-65.327873229980469;-94.782440185546875
6732943;-66.793350219726562;-112.76523590087891
6737938.5;-66.677391052246094;-99.876625061035156
6742934;-68.603622436523437;-105.85084533691406
6747929.5;-68.3502197265625;-107.08322143554687
6752925;-67.206642150878906;-90.440559387207031
6757920.5;-67.582069396972656;-98.464179992675781
6762916;-67.440628051757812;-99.689285278320313
6767911.5;-66.315292358398437;-104.03342437744141
6772907;-68.884391784667969;-103.66837310791016
6777902.5;-69.235763549804688;-107.61984252929687
6782898;-69.374191284179687;-109.77973937988281
6787893.5;-68.606178283691406;-98.531715393066406
6792889;-66.552734375;-107.09214019775391
6797884.5;-68.192138671875;-115.10980224609375
6802880;-67.3310546875;-94.688575744628906
6807875.5;-67.512748718261719;-95.189376831054688
6812871;-66.889862060546875;-106.99081420898438
6817866.5;-67.104202270507813;-115.40717315673828
6822862;-67.274635314941406;-88.589523315429688
6827857.5;-69.101158142089844;-94.926155090332031
6832853;-67.825523376464844;-104.07647705078125
6837848.5;-65.570396423339844;-102.16857147216797
6842844;-67.396995544433594;-92.797050476074219
6847839.5;-67.155082702636719;-104.69895172119141
6852835;-68.702568054199219;-108.50389099121094
6857830.5;-67.614082336425781;-100.41055297851562
6862826;-66.962882995605469;-105.89988708496094
6867821.5;-66.890304565429688;-96.052833557128906
6872817;-68.908699035644531;-101.04945373535156
6877812.5;-69.426322937011719;-108.53311920166016
6882808;-70.348487854003906;-104.26173400878906
6887803.5;-67.763572692871094;-93.110855102539062
6892799;-68.764312744140625;-106.77233123779297
6897794.5;-71.050010681152344;-111.75751495361328
6902790;-69.201423645019531;-107.52099609375
6907785.5;-67.760971069335937;-93.364387512207031
6912781;-70.143043518066406;-91.068450927734375
6917776.5;-68.783164978027344;-107.31167602539062
6922772;-66.127639770507813;-86.253158569335938
6927767.5;-68.877227783203125;-108.52572631835937
6932763;-68.519088745117188;-95.228271484375
6937758.5;-70.5911865234375;-107.52421569824219
6942754;-68.272178649902344;-95.809585571289063
6947749.5;-71.03515625;-102.73987579345703
6952745;-71.254058837890625;-105.21037292480469
6957740.5;-69.15673828125;-99.558097839355469
6962736;-70.84710693359375;-94.254524230957031
6967731.5;-67.674514770507813;-109.26467895507812
6972727;-68.584892272949219;-99.589134216308594
6977722.5;-69.402412414550781;-108.50212860107422
6982718;-71.546226501464844;-111.58873748779297
6987713.5;-67.497833251953125;-104.17537689208984
6992709;-69.431648254394531;-102.10592651367187
6997704.5;-68.776390075683594;-98.219581604003906
7002700;-67.802711486816406;-123.89757537841797
7007695.5;-67.927459716796875;-94.655960083007813
7012691;-69.811416625976563;-98.852378845214844
7017686.5;-69.637336730957031;-113.55830383300781
7022682;-69.025291442871094;-92.277458190917969
7027677.5;-68.777801513671875;-109.88706207275391
7032673;-69.188583374023438;-124.36420440673828
7037668.5;-69.246208190917969;-102.6776123046875
7042664;-67.499168395996094;-111.90431213378906
7047659.5;-67.155677795410156;-98.882537841796875
7052655;-68.249176025390625;-91.670089721679688
7057650.5;-67.831642150878906;-95.550392150878906
7062646;-68.068130493164062;-108.49440002441406
7067641.5;-67.354446411132813;-100.44564819335937
7072637;-67.942474365234375;-101.41255950927734
7077632.5;-69.484626770019531;-105.11140441894531
7082628;-68.5618896484375;-99.512428283691406
7087623.5;-67.576103210449219;-111.62913513183594
7092619;-67.987457275390625;-105.81325531005859
7097614.5;-66.905723571777344;-97.628242492675781
7102610;-67.480766296386719;-102.17466735839844
7107605.5;-67.136329650878906;-104.29885864257812
7112601;-68.076309204101563;-102.66834259033203
7117596.5;-67.981849670410156;-103.03891754150391
7122592;-68.002418518066406;-111.15497589111328
7127587.5;-67.525291442871094;-99.522193908691406
7132583;-69.355010986328125;-103.84380340576172
7137578.5;-69.129074096679688;-96.954635620117187
7142574;-68.794029235839844;-98.064643859863281
7147569.5;-65.972663879394531;-110.12511444091797
7152565;-66.595428466796875;-92.7418212890625
7157560.5;-66.763999938964844;-110.85155487060547
7162556;-68.9027099609375;-108.47134399414063
7167551.5;-66.857444763183594;-89.708343505859375
7172547;-69.002716064453125;-94.709861755371094
7177542.5;-65.961990356445313;-96.911521911621094
7182538;-69.112884521484375;-96.221824645996094
7187533.5;-69.121978759765625;-110.53366088867187
7192529;-65.698966979980469;-102.28357696533203
7197524.5;-67.603034973144531;-95.128852844238281
7202520;-69.01214599609375;-100.15407562255859
7207515.5;-66.94378662109375;-103.68905639648437
7212511;-66.435317993164063;-94.905906677246094
7217506.5;-66.217002868652344;-101.28331756591797
7222502;-66.346969604492187;-100.96253204345703
7227497.5;-68.899909973144531;-111.03408050537109
7232493;-65.42669677734375;-89.4674072265625
7237488.5;-68.417167663574219;-108.14840698242187
7242484;-66.478744506835937;-100.60887145996094
7247479.5;-65.600067138671875;-97.453453063964844
7252475;-66.865074157714844;-94.406097412109375
7257470.5;-66.452033996582031;-89.636039733886719
7262466;-67.771812438964844;-94.923713684082031
7267461.5;-66.643417358398438;-103.48942565917969
7272457;-66.298973083496094;-99.177742004394531
7277452.5;-66.744384765625;-85.5601806640625
7282448;-66.478752136230469;-87.953010559082031
7287443.5;-65.410377502441406;-99.216873168945313
7292439;-67.832572937011719;-108.51925659179687
7297434.5;-69.894119262695313;-111.1690673828125
7302430;-67.915390014648438;-105.41712951660156
7307425.5;-67.330421447753906;-93.4398193359375
7312421;-66.624305725097656;-103.67922973632812
7317416.5;-66.222770690917969;-96.634620666503906
7322412;-65.147880554199219;-105.44021606445312
7327407.5;-66.964393615722656;-92.557907104492188
7332403;-67.31707763671875;-99.887901306152344
7337398.5;-67.460487365722656;-105.09431457519531
7342394;-64.186180114746094;-101.38737487792969
7347389.5;-65.322120666503906;-113.89535522460937
7352385;-67.761932373046875;-96.531715393066406
7357380.5;-68.669700622558594;-106.14150238037109
7362376;-68.520088195800781;-107.24237060546875
7367371.5;-69.437583923339844;-91.734794616699219
7372367;-67.594146728515625;-108.14681243896484
7377362.5;-67.358604431152344;-110.5146484375
7382358;-66.161102294921875;-104.58924865722656
7387353.5;-67.915122985839844;-98.139656066894531
7392349;-68.505020141601562;-100.70027160644531
7397344.5;-68.87066650390625;-102.03433227539062
7402340;-66.765327453613281;-93.892829895019531
7407335.5;-67.855278015136719;-102.60347747802734
7412331;-67.682334899902344;-103.95420837402344
7417326.5;-67.2723388671875;-118.54006195068359
7422322;-64.639755249023438;-94.196441650390625
7427317.5;-67.342567443847656;-98.333518981933594
7432313;-69.60186767578125;-100.923828125
7437308.5;-66.784088134765625;-113.28543090820312
7442304;-67.125007629394531;-103.20475769042969
7447299.5;-67.6895751953125;-104.84649658203125
7452295;-66.854118347167969;-94.003608703613281
7457290.5;-69.162261962890625;-100.46976470947266
7462286;-65.324752807617188;-99.274688720703125
7467281.5;-70.195793151855469;-106.45229339599609
7472277;-69.0859375;-105.15084838867187
7477272.5;-68.609062194824219;-102.88309478759766
7482268;-67.82440185546875;-90.334098815917969
7487263.5;-68.047271728515625;-99.91278076171875
7492259;-70.273300170898438;-96.03192138671875
7497254.5;-68.705772399902344;-97.241950988769531
7502250;-67.931915283203125;-100.27192687988281
7507245.5;-67.222579956054688;-94.656929016113281
7512241;-66.889556884765625;-105.32080078125
7517236.5;-66.996788024902344;-94.501449584960938
7522232;-69.81646728515625;-93.964248657226563
7527227.5;-68.708648681640625;-101.44150543212891
7532223;-67.617530822753906;-99.748664855957031
7537218.5;-67.552314758300781;-106.08132934570312
7542214;-68.009254455566406;-99.416656494140625
7547209.5;-71.957366943359375;-101.12062835693359
7552205;-69.35699462890625;-92.02777099609375
7557200.5;-68.789497375488281;-110.04881286621094
7562196;-67.592536926269531;-100.78702545166016
7567191.5;-69.653404235839844;-102.89104461669922
7572187;-68.939613342285156;-107.1927490234375
7577182.5;-66.046302795410156;-103.03940582275391
7582178;-68.321090698242188;-97.395210266113281
7587173.5;-70.264320373535156;-105.27153015136719
7592169;-70.000152587890625;-110.26333618164062
7597164.5;-67.522605895996094;-106.90016174316406
7602160;-70.258277893066406;-96.271377563476563
7607155.5;-69.997734069824219;-97.38787841796875
7612151;-68.10382080078125;-112.67707061767578
7617146.5;-68.665618896484375;-110.25401306152344
7622142;-66.02337646484375;-102.52107238769531
7627137.5;-68.884292602539062;-108.63516998291016
7632133;-69.227462768554688;-104.26314544677734
7637128.5;-68.41839599609375;-108.67692565917969
7642124;-70.165733337402344;-100.50665283203125
7647119.5;-68.607246398925781;-95.182044982910156
7652115;-68.71142578125;-114.65026092529297
7657110.5;-68.941482543945313;-97.343467712402344
7662106;-70.944381713867188;-115.74251556396484
7667101.5;-70.805030822753906;-103.31956481933594
7672097;-69.716072082519531;-113.50063323974609
7677092.5;-67.327659606933594;-101.84555053710937
7682088;-68.381141662597656;-92.657577514648437
7687083.5;-69.085945129394531;-100.21295928955078
7692079;-67.349128723144531;-101.48562622070312
7697074.5;-69.165260314941406;-106.00011444091797
7702070;-66.493606567382813;-109.8673095703125
7707065.5;-68.940750122070312;-103.44949340820312
7712061;-68.065444946289063;-95.523345947265625
7717056.5;-68.439994812011719;-96.207412719726563
7722052;-68.471755981445313;-100.68471527099609
7727047.5;-67.407768249511719;-93.165946960449219
7732043;-68.451911926269531;-106.57317352294922
7737038.5;-66.576438903808594;-104.64325714111328
7742034;-69.733840942382812;-107.80801391601562
7747029.5;-69.242416381835938;-90.514297485351563
7752025;-65.767524719238281;-96.795997619628906
7757020.5;-66.889144897460938;-113.23040008544922
7762016;-68.495918273925781;-113.80585479736328
7767011.5;-71.029914855957031;-105.15436553955078
7772007;-69.028953552246094;-98.9678955078125
7777002.5;-69.076774597167969;-98.076759338378906
7781998;-68.383804321289062;-104.31761169433594
7786993.5;-68.2447509765625;-102.34677124023437
7791989;-69.3096923828125;-106.69021606445312
7796984.5;-68.084320068359375;-89.480018615722656
7801980;-67.557235717773438;-104.57376861572266
7806975.5;-68.03521728515625;-117.30142974853516
7811971;-70.171363830566406;-102.52802276611328
7816966.5;-68.882080078125;-102.17957305908203
7821962;-68.681991577148438;-98.758316040039063
7826957.5;-70.931991577148438;-106.02620697021484
7831953;-69.283256530761719;-108.20782470703125
7836948.5;-67.074691772460937;-90.835044860839844
7841944;-67.008102416992188;-92.351234436035156
7846939.5;-68.971565246582031;-99.1806640625
7851935;-68.587669372558594;-97.850364685058594
7856930.5;-68.478057861328125;-102.52416229248047
7861926;-68.658889770507813;-100.45562744140625
7866921.5;-69.126136779785156;-105.64133453369141
7871917;-66.796287536621094;-108.14265441894531
7876912.5;-68.294662475585937;-118.89138031005859
7881908;-70.068099975585937;-98.560043334960938
7886903.5;-70.328094482421875;-106.88468170166016
7891899;-69.732406616210937;-108.89935302734375
7896894.5;-68.34881591796875;-98.23529052734375
7901890;-68.2371826171875;-96.376075744628906
7906885.5;-69.79168701171875;-98.084175109863281
7911881;-69.807609558105469;-113.59121704101562
7916876.5;-69.59368896484375;-111.38617706298828
7921872;-70.706550598144531;-121.571044921875
7926867.5;-71.071037292480469;-115.59292602539062
7931863;-69.748115539550781;-94.021873474121094
7936858.5;-69.338203430175781;-99.876373291015625
7941854;-70.555389404296875;-103.79265594482422
7946849.5;-71.384727478027344;-111.27897644042969
7951845;-68.954315185546875;-111.01792907714844
7956840.5;-67.184967041015625;-110.53844451904297
7961836;-69.336952209472656;-111.71041870117187
7966831.5;-70.241401672363281;-106.36952209472656
7971827;-71.117103576660156;-97.006355285644531
7976822.5;-68.270820617675781;-108.90568542480469
7981818;-71.300239562988281;-106.60099029541016
7986813.5;-72.1832275390625;-101.93724060058594
7991809;-69.048179626464844;-109.76710510253906
7996804.5;-68.522430419921875;-106.343505859375
8001800;-68.585426330566406;-96.771453857421875
8006795.5;-71.481361389160156;-105.22789764404297
8011791;-69.830520629882812;-93.2313232421875
8016786.5;-72.092231750488281;-102.73965454101562
8021782;-71.360725402832031;-96.096084594726563
8026777.5;-70.928665161132813;-95.598335266113281
8031773;-68.136032104492187;-105.69800567626953
8036768.5;-69.439247131347656;-99.011886596679688
8041764;-72.4873046875;-90.755126953125
8046759.5;-72.000946044921875;-112.19638061523437
8051755;-70.554252624511719;-107.89715576171875
8056750.5;-70.464195251464844;-101.34644317626953
8061746;-70.914192199707031;-105.68604278564453
8066741.5;-69.765815734863281;-97.390769958496094
8071737;-69.262214660644531;-107.31999206542969
8076732.5;-71.198875427246094;-98.988670349121094
8081728;-71.48455810546875;-104.44359588623047
8086723.5;-70.224227905273437;-101.01983642578125
8091719;-70.43707275390625;-97.720413208007813
8096714.5;-72.950965881347656;-97.331268310546875
8101710;-70.061965942382813;-114.44631195068359
8106705.5;-70.609710693359375;-112.35882568359375
8111701;-71.972732543945313;-103.59927368164062
8116696.5;-72.818046569824219;-110.72522735595703
8121692;-71.943069458007813;-97.410575866699219
8126687.5;-72.54327392578125;-101.10475158691406
8131683;-70.859336853027344;-102.18717956542969
8136678.5;-72.985610961914063;-118.78395080566406
8141674;-70.560447692871094;-112.51218414306641
8146669.5;-70.833763122558594;-110.23342895507812
8151665;-69.644805908203125;-103.03924560546875
8156660.5;-73.264610290527344;-103.20138549804687
8161656;-73.065101623535156;-105.21331787109375
8166651.5;-73.5919189453125;-111.90751647949219
8171647;-71.25396728515625;-106.60272216796875
8176642.5;-74.061164855957031;-112.09487152099609
8181638;-72.208709716796875;-106.10295104980469
8186633.5;-73.615341186523438;-121.07955169677734
8191629;-72.706146240234375;-91.171150207519531
8196624.5;-74.908195495605469;-105.07486724853516
8201620;-73.544151306152344;-102.45000457763672
8206615.5;-74.652290344238281;-108.21611022949219
8211611;-69.977935791015625;-109.27519226074219
8216606.5;-72.337745666503906;-108.3223876953125
8221602;-72.837875366210937;-99.195755004882813
8226597.5;-72.515724182128906;-106.33762359619141
8231593;-73.493980407714844;-112.14599609375
8236588.5;-75.77423095703125;-111.58435821533203
8241584;-72.56512451171875;-115.85968017578125
8246579.5;-74.669181823730469;-107.46003723144531
8251575;-70.396568298339844;-117.91471099853516
8256570.5;-72.83953857421875;-99.614395141601563
8261566;-71.772315979003906;-112.81946563720703
8266561.5;-75.771629333496094;-106.53382873535156
8271557;-73.983146667480469;-105.80574035644531
8276552.5;-72.13104248046875;-102.57096862792969
8281548;-72.278495788574219;-129.04396057128906
8286543.5;-72.342109680175781;-104.88332366943359
8291539;-73.013664245605469;-102.22523498535156
8296534.5;-74.697990417480469;-95.171661376953125
8301530;-74.259468078613281;-105.13376617431641
8306525.5;-75.253524780273437;-106.76210021972656
8311521;-72.186408996582031;-105.26868438720703
8316516.5;-72.480987548828125;-111.39974212646484
8321512;-72.734268188476562;-114.47585296630859
8326507.5;-73.281547546386719;-106.89976501464844
8331503;-72.366897583007813;-115.19859313964844
8336498.5;-73.712593078613281;-101.42601013183594
8341494;-73.18231201171875;-92.59918212890625
8346489.5;-75.014633178710938;-102.96062469482422
8351485;-74.394371032714844;-103.539306640625
8356480.5;-73.90679931640625;-105.12320709228516
8361476;-74.496574401855469;-116.67670440673828
8366471.5;-73.384613037109375;-120.6556396484375
8371467;-74.794914245605469;-96.864814758300781
8376462.5;-72.907157897949219;-104.75373077392578
8381458;-74.055076599121094;-101.93501281738281
8386453.5;-77.763092041015625;-115.07480621337891
8391449;-73.948318481445312;-119.48952484130859
8396444.5;-71.559432983398437;-105.35476684570312
8401440;-73.811439514160156;-102.15745544433594
8406435.5;-74.74169921875;-110.9007568359375
8411431;-74.9385986328125;-101.97283935546875
8416426.5;-75.094902038574219;-111.51751708984375
8421422;-75.51361083984375;-105.09397888183594
8426417.5;-73.347183227539063;-102.88749694824219
8431413;-72.619354248046875;-104.49144744873047
8436408.5;-72.693305969238281;-107.76404571533203
8441404;-73.300788879394531;-111.97940826416016
8446399.5;-72.059600830078125;-107.39688873291016
8451395;-75.931655883789063;-102.30548095703125
8456390.5;-76.546035766601563;-107.93268585205078
8461386;-74.290328979492188;-115.56175231933594
8466381.5;-73.413131713867188;-109.69989776611328
8471377;-70.902915954589844;-100.45418548583984
8476372.5;-74.258621215820312;-103.55641937255859
8481368;-73.735816955566406;-100.89131164550781
8486363.5;-74.301216125488281;-107.94615936279297
8491359;-72.474197387695312;-97.774185180664063
8496354.5;-72.65545654296875;-112.50660705566406
8501350;-73.451271057128906;-111.19718170166016
8506345.5;-72.322822570800781;-100.456298828125
8511341;-75.205215454101563;-117.92922973632812
8516336.5;-74.751182556152344;-114.29193115234375
8521332;-75.255477905273438;-120.18216705322266
8526327.5;-71.723464965820312;-113.80923461914062
8531323;-75.474555969238281;-107.87020111083984
8536318.5;-73.927223205566406;-95.708602905273438
8541314;-71.854301452636719;-134.30316162109375
8546309.5;-72.067230224609375;-111.03208923339844
8551305;-75.095672607421875;-105.61872100830078
8556300.5;-74.192100524902344;-103.10072326660156
8561296;-74.643775939941406;-110.70167541503906
8566291.5;-74.746551513671875;-114.28102874755859
8571287;-73.547584533691406;-104.94285583496094
8576282.5;-72.416015625;-107.30496215820312
8581278;-75.317192077636719;-114.32110595703125
8586273.5;-74.239250183105469;-108.36982727050781
8591269;-76.959953308105469;-111.35543823242187
8596264.5;-75.065170288085938;-109.20384979248047
8601260;-75.237815856933594;-113.05821990966797
8606255.5;-75.225242614746094;-119.2265625
8611251;-73.592178344726563;-107.45580291748047
8616246.5;-73.688163757324219;-91.469314575195313
8621242;-74.150047302246094;-101.31947326660156
8626237.5;-79.022781372070313;-102.40091705322266
8631233;-75.668746948242188;-114.27698516845703
8636228.5;-75.58233642578125;-113.85860443115234
8641224;-76.636909484863281;-114.72351837158203
8646219.5;-74.466316223144531;-108.41361236572266
8651215;-77.026336669921875;-106.55558013916016
8656210.5;-76.748184204101562;-114.55756378173828
8661206;-75.707160949707031;-111.65191650390625
8666201.5;-74.871864318847656;-110.79300689697266
8671197;-72.621177673339844;-102.27865600585937
8676192.5;-73.932334899902344;-101.87493896484375
8681188;-75.775657653808594;-114.88214111328125
8686183.5;-77.121482849121094;-107.20661163330078
8691179;-77.518310546875;-113.82035064697266
8696174.5;-78.155685424804688;-114.99588775634766
8701170;-74.881904602050781;-99.146827697753906
8706165.5;-75.334419250488281;-117.66828155517578
8711161;-73.556777954101563;-114.58225250244141
8716156.5;-78.553840637207031;-109.48284912109375
8721152;-77.071861267089844;-111.46138763427734
8726147.5;-76.968223571777344;-110.77573394775391
8731143;-76.789337158203125;-109.99835968017578
8736138.5;-77.544265747070313;-118.13241577148437
8741134;-75.777870178222656;-103.50202941894531
8746129.5;-73.340110778808594;-97.202247619628906
8751125;-77.235008239746094;-115.38711547851562
8756120.5;-80.192108154296875;-116.85400390625
8761116;-79.290275573730469;-109.05846405029297
8766111.5;-77.09478759765625;-135.09939575195312
8771107;-78.8651123046875;-122.19974517822266
8776102.5;-74.7008056640625;-113.73397827148437
8781098;-77.630035400390625;-102.68434143066406
8786093.5;-76.777976989746094;-108.94419860839844
8791089;-77.98712158203125;-121.88698577880859
8796084.5;-77.305374145507813;-103.75861358642578
8801080;-76.924430847167969;-112.34905242919922
8806075.5;-73.81353759765625;-119.67580413818359
8811071;-77.683273315429687;-112.30105590820312
8816066.5;-76.415054321289063;-111.38553619384766
8821062;-76.539535522460938;-106.78295135498047
8826057.5;-79.9373779296875;-108.46073913574219
8831053;-77.346748352050781;-111.58264923095703
8836048.5;-76.061660766601562;-109.38597869873047
8841044;-77.070808410644531;-102.69396209716797
8846039.5;-78.365669250488281;-118.13054656982422
8851035;-78.17376708984375;-120.87333679199219
8856030.5;-78.269432067871094;-115.73905181884766
8861026;-77.791213989257813;-107.46273803710937
8866021.5;-77.888740539550781;-120.53671264648437
8871017;-78.21514892578125;-113.90114593505859
8876012.5;-75.678131103515625;-111.69963073730469
8881008;-76.709487915039063;-106.74089050292969
8886003.5;-77.894744873046875;-112.98646545410156
8890999;-76.251472473144531;-110.93843078613281
8895994.5;-78.555068969726563;-116.31758117675781
8900990;-77.281524658203125;-109.62309265136719
8905985.5;-76.731536865234375;-101.38790893554687
8910981;-78.609024047851562;-109.34525299072266
8915976.5;-76.574516296386719;-113.11346435546875
8920972;-78.707099914550781;-105.69922637939453
8925967.5;-77.389381408691406;-109.20507049560547
8930963;-79.229263305664062;-119.67095947265625
8935958.5;-78.241233825683594;-106.36276245117187
8940954;-76.431350708007813;-101.89921569824219
8945949.5;-78.965461730957031;-120.84621429443359
8950945;-79.358573913574219;-103.97632598876953
8955940.5;-77.907325744628906;-111.63876342773437
8960936;-80.548431396484375;-107.35939025878906
8965931.5;-78.922554016113281;-119.62613677978516
8970927;-78.39923095703125;-110.00590515136719
8975922.5;-76.559837341308594;-119.87532043457031
8980918;-78.274833679199219;-115.795166015625
8985913.5;-78.525115966796875;-108.78829193115234
8990909;-76.561920166015625;-113.73824310302734
8995904.5;-77.914390563964844;-104.30060577392578
9000900;-77.938423156738281;-115.53685760498047
9005895.5;-77.944633483886719;-105.22942352294922
9010891;-79.946418762207031;-126.03661346435547
9015886.5;-74.152923583984375;-118.10526275634766
9020882;-77.12451171875;-116.49866485595703
9025877.5;-75.722030639648437;-110.80087280273438
9030873;-76.519538879394531;-104.12250518798828
9035868.5;-79.549667358398438;-115.11268615722656
9040864;-77.946464538574219;-114.26435089111328
9045859.5;-77.243728637695312;-109.00767517089844
9050855;-77.33270263671875;-125.68489074707031
9055850.5;-78.457832336425781;-108.48037719726562
9060846;-77.297157287597656;-111.26325225830078
9065841.5;-79.168899536132812;-112.57392883300781
9070837;-78.932502746582031;-114.74384307861328
9075832.5;-78.5189208984375;-118.03177642822266
9080828;-77.708259582519531;-109.51465606689453
9085823.5;-79.006515502929688;-109.29512023925781
9090819;-77.920524597167969;-103.42398834228516
9095814.5;-76.455886840820312;-105.60911560058594
9100810;-79.81005859375;-118.55710601806641
9105805.5;-78.202407836914063;-119.5098876953125
9110801;-78.668724060058594;-119.9359130859375
9115796.5;-80.698211669921875;-110.73309326171875
9120792;-76.792144775390625;-115.78079223632812
9125787.5;-76.824661254882813;-112.03363037109375
9130783;-77.693283081054687;-121.35651397705078
9135778.5;-77.265419006347656;-116.38404846191406
9140774;-80.314956665039063;-112.63427734375
9145769.5;-79.296951293945313;-117.53074645996094
9150765;-79.972503662109375;-102.90253448486328
9155760.5;-79.835357666015625;-110.20931243896484
9160756;-80.139533996582031;-119.83515167236328
9165751.5;-78.310539245605469;-112.75306701660156
9170747;-78.001846313476563;-109.51769256591797
9175742.5;-80.413238525390625;-123.1522216796875
9180738;-78.3367919921875;-109.42947387695312
9185733.5;-79.445930480957031;-108.74073791503906
9190729;-77.941802978515625;-111.34455108642578
9195724.5;-79.830696105957031;-118.44229888916016
9200720;-78.420654296875;-122.55821228027344
9205715.5;-77.934303283691406;-116.58170318603516
9210711;-79.622261047363281;-107.45693206787109
9215706.5;-81.206939697265625;-112.82979583740234
9220702;-79.227096557617188;-121.18065643310547
9225697.5;-80.341461181640625;-108.87873840332031
9230693;-78.055061340332031;-113.42800903320312
9235688.5;-78.636802673339844;-109.584228515625
9240684;-79.016563415527344;-102.81322479248047
9245679.5;-80.815681457519531;-111.16485595703125
9250675;-79.777023315429688;-111.25734710693359
9255670.5;-82.072837829589844;-118.73325347900391
9260666;-78.899505615234375;-114.65980529785156
9265661.5;-78.500816345214844;-111.15142059326172
9270657;-78.950569152832031;-107.15279388427734
9275652.5;-79.27227783203125;-121.42160034179687
9280648;-80.75604248046875;-114.56875610351562
9285643.5;-82.377815246582031;-117.45387268066406
9290639;-79.188301086425781;-127.82178497314453
9295634.5;-77.850563049316406;-115.12281036376953
9300630;-77.089347839355469;-119.59741973876953
9305625.5;-77.399787902832031;-122.85958099365234
9310621;-78.837669372558594;-108.91689300537109
9315616.5;-79.632568359375;-117.1944580078125
9320612;-80.637199401855469;-123.49018859863281
9325607.5;-81.02581787109375;-119.97059631347656
9330603;-78.296798706054687;-117.20118713378906
9335598.5;-78.137519836425781;-104.50495910644531
9340594;-80.607009887695313;-121.16361236572266
9345589.5;-79.960502624511719;-122.623291015625
9350585;-82.508567810058594;-115.11225891113281
9355580.5;-78.638801574707031;-102.64450836181641
9360576;-79.223663330078125;-110.90780639648437
9365571.5;-78.357833862304688;-115.11899566650391
9370567;-78.807975769042969;-108.75592041015625
9375562.5;-78.878219604492187;-117.17673492431641
9380558;-76.976028442382812;-119.22925567626953
9385553.5;-80.688362121582031;-119.46009063720703
9390549;-78.580955505371094;-107.59661865234375
9395544.5;-77.615791320800781;-105.88814544677734
9400540;-77.710723876953125;-112.99490356445312
9405535.5;-78.259140014648438;-119.94512939453125
9410531;-80.084854125976563;-110.38458251953125
9415526.5;-78.097976684570313;-116.71803283691406
9420522;-80.563804626464844;-115.10858917236328
9425517.5;-78.009552001953125;-116.76478576660156
9430513;-78.288017272949219;-113.63516235351562
9435508.5;-77.643577575683594;-115.84565734863281
9440504;-75.672172546386719;-109.90383911132812
9445499.5;-78.552444458007812;-107.35939025878906
9450495;-80.325004577636719;-108.44402313232422
9455490.5;-79.540878295898438;-121.14490509033203
9460486;-78.390785217285156;-116.24644470214844
9465481.5;-77.223823547363281;-108.84940338134766
9470477;-77.089401245117188;-107.42813873291016
9475472.5;-77.415313720703125;-105.18042755126953
9480468;-78.079833984375;-117.49532318115234
9485463.5;-81.555366516113281;-102.81232452392578
9490459;-77.278388977050781;-118.67936706542969
9495454.5;-77.660675048828125;-106.6141357421875
9500450;-77.277061462402344;-103.67322540283203
9505445.5;-78.383995056152344;-112.10493469238281
9510441;-76.312835693359375;-109.55918884277344
9515436.5;-80.584159851074219;-119.81290435791016
9520432;-78.492500305175781;-119.34868621826172
9525427.5;-75.586891174316406;-115.29695892333984
9530423;-77.278892517089844;-117.5638427734375
9535418.5;-75.0994873046875;-102.51042175292969
9540414;-76.343940734863281;-108.32356262207031
9545409.5;-80.035530090332031;-117.99667358398437
9550405;-78.658012390136719;-117.90240478515625
9555400.5;-80.03021240234375;-107.53874206542969
9560396;-76.924690246582031;-111.37384796142578
9565391.5;-78.569465637207031;-102.8822021484375
9570387;-78.288490295410156;-100.66006469726562
9575382.5;-75.050575256347656;-112.64443969726562
9580378;-78.178466796875;-104.39969635009766
9585373.5;-80.701766967773438;-110.00743865966797
9590369;-76.906494140625;-118.77705383300781
9595364.5;-78.760795593261719;-105.55182647705078
9600360;-76.568519592285156;-108.08369445800781
9605355.5;-78.434471130371094;-112.00301361083984
9610351;-77.343017578125;-110.65938568115234
9615346.5;-79.061592102050781;-121.14695739746094
9620342;-78.474853515625;-114.33238220214844
9625337.5;-78.280166625976562;-126.43947601318359
9630333;-78.844413757324219;-117.93831634521484
9635328.5;-75.889091491699219;-111.20628356933594
9640324;-79.483543395996094;-102.45207214355469
9645319.5;-77.156120300292969;-100.00405883789062
9650315;-79.785896301269531;-105.75151824951172
9655310.5;-78.025215148925781;-115.17911529541016
9660306;-77.32696533203125;-105.55792999267578
9665301.5;-78.487899780273437;-107.17610931396484
9670297;-76.732307434082031;-102.56285858154297
9675292.5;-77.160385131835938;-122.12773132324219
9680288;-77.558494567871094;-104.84865570068359
9685283.5;-76.520088195800781;-101.62025451660156
9690279;-81.298149108886719;-114.62118530273437
9695274.5;-76.725624084472656;-118.06400299072266
9700270;-77.703681945800781;-109.60774230957031
9705265.5;-76.384361267089844;-117.19225311279297
9710261;-76.401405334472656;-112.12322998046875
9715256.5;-77.53717041015625;-110.66506195068359
9720252;-78.653030395507813;-118.67795562744141
9725247.5;-77.496147155761719;-105.89190673828125
9730243;-76.5037841796875;-107.85325622558594
9735238.5;-75.972709655761719;-111.27330017089844
9740234;-74.813453674316406;-121.48555755615234
9745229.5;-78.128288269042969;-111.96933746337891
9750225;-81.19158935546875;-111.16995239257812
9755220.5;-75.589134216308594;-99.34136962890625
9760216;-79.594902038574219;-108.55075073242187
9765211.5;-79.187599182128906;-110.48312377929687
9770207;-76.467269897460938;-108.30022430419922
9775202.5;-75.313247680664063;-109.55026245117187
9780198;-76.890739440917969;-120.74774169921875
9785193.5;-78.546867370605469;-121.65052795410156
9790189;-74.054939270019531;-107.12192535400391
9795184.5;-78.018630981445313;-108.74623870849609
9800180;-76.276031494140625;-116.72380828857422
9805175.5;-77.607269287109375;-103.87582397460937
9810171;-78.894371032714844;-113.26179504394531
9815166.5;-77.719085693359375;-105.80204772949219
9820162;-75.933563232421875;-103.73312377929687
9825157.5;-75.822990417480469;-106.04484558105469
9830153;-76.753837585449219;-106.44252777099609
9835148.5;-76.645317077636719;-108.96464538574219
9840144;-76.964225769042969;-118.17774963378906
9845139.5;-77.462867736816406;-113.13984680175781
9850135;-78.03851318359375;-110.18449401855469
9855130.5;-75.232002258300781;-114.86006927490234
9860126;-76.677024841308594;-107.76338195800781
9865121.5;-77.916610717773438;-111.51074981689453
9870117;-77.200325012207031;-102.66895294189453
9875112.5;-76.835174560546875;-111.20420074462891
9880108;-75.45703125;-107.31434631347656
9885103.5;-75.655128479003906;-110.33729553222656
9890099;-73.886672973632813;-108.01524353027344
9895094.5;-75.49871826171875;-109.53189849853516
9900090;-75.83062744140625;-124.32343292236328
9905085.5;-75.801742553710938;-118.76100158691406
9910081;-75.118850708007812;-116.64997863769531
9915076.5;-76.071037292480469;-120.4222412109375
9920072;-76.973442077636719;-100.42448425292969
9925067.5;-74.265037536621094;-115.80294799804687
9930063;-73.837478637695312;-103.69038391113281
9935058.5;-77.061775207519531;-109.74995422363281
9940054;-76.920455932617188;-108.91097259521484
9945049.5;-71.433395385742187;-107.20521545410156
9950045;-75.77508544921875;-109.16970062255859
9955040.5;-74.846923828125;-113.27156066894531
9960036;-74.759056091308594;-96.652061462402344
9965031.5;-75.044281005859375;-104.85023498535156
9970027;-75.955741882324219;-112.95354461669922
9975022.5;-74.789382934570313;-104.47634887695312
9980018;-76.104019165039063;-113.56299591064453
9985013.5;-75.768745422363281;-104.68332672119141
9990009;-75.678619384765625;-115.90635681152344
9995004.5;-74.404571533203125;-112.99137115478516
10000000;-74.616561889648437;-113.74454498291016
