Type;ZVL-3;
Version;3.31;
Date;23.May 25;
Mode;ANALYZER;
Center Freq;504500.000000;Hz
Freq Offset;0.000000;Hz
Span;991000.000000;Hz
x-Axis;LIN;
Start;9000.000000;Hz
Stop;1000000.000000;Hz
Ref Level;-20.000000;dBm
Level Offset;0.000000;dB
Ref Position;100.000000;%
y-Axis;LOG;
Level Range;100.000000;dB
Rf Att;0.000000;dB
RBW;300.000000;Hz
VBW;1000.000000;Hz
SWT;11.000000;s
Trace Mode;CLR/WRITE;
Detector;AUTOPEAK;
Sweep Count;0;
Trace 1:;;
x-Unit;Hz;
y-Unit;dBm;
Preamplifier;OFF;
Transducer;OFF;
Values;2001;
9000;-75.746261596679688;-111.10602569580078
9495.5;-74.592910766601563;-85.181976318359375
9991;-73.884613037109375;-90.614967346191406
10486.5;-78.352561950683594;-90.687858581542969
10982;-78.238319396972656;-100.25003051757812
11477.5;-76.604362487792969;-98.576568603515625
11973;-77.23663330078125;-92.140159606933594
12468.5;-79.1845703125;-119.48861694335938
12964;-78.162765502929688;-107.68324279785156
13459.5;-82.217910766601562;-94.5748291015625
13955;-71.997901916503906;-91.59832763671875
14450.5;-79.6910400390625;-105.26451873779297
14946;-74.851402282714844;-84.772079467773438
15441.5;-75.500274658203125;-95.547927856445313
15937;-75.613204956054688;-105.63418579101562
16432.5;-69.102134704589844;-83.094207763671875
16928;-73.79315185546875;-89.151298522949219
17423.5;-77.20855712890625;-87.073623657226562
17919;-73.665283203125;-80.673309326171875
18414.5;-75.717071533203125;-91.978607177734375
18910;-74.251884460449219;-82.316146850585937
19405.5;-76.852119445800781;-96.69439697265625
19901;-77.162742614746094;-84.003494262695313
20396.5;-71.090972900390625;-77.345626831054688
20892;-71.855026245117188;-77.650253295898438
21387.5;-72.683631896972656;-78.326744079589844
21883;-78.709541320800781;-96.9395751953125
22378.5;-79.260528564453125;-89.979850769042969
22874;-73.881767272949219;-91.73699951171875
23369.5;-73.051246643066406;-94.522132873535156
23865;-73.152740478515625;-97.969863891601563
24360.5;-74.735313415527344;-83.572250366210938
24856;-80.741119384765625;-87.878669738769531
25351.5;-74.540992736816406;-87.789482116699219
25847;-73.887466430664062;-102.57558441162109
26342.5;-76.024368286132812;-81.660652160644531
26838;-74.873252868652344;-105.26451873779297
27333.5;-74.653594970703125;-84.995780944824219
27829;-80.381385803222656;-100.03266143798828
28324.5;-74.895156860351563;-88.964591979980469
28820;-76.288040161132812;-102.12286376953125
29315.5;-75.780097961425781;-87.601951599121094
29811;-76.499832153320313;-90.000640869140625
30306.5;-76.896888732910156;-87.948226928710938
30802;-81.766853332519531;-93.999687194824219
31297.5;-77.830986022949219;-91.826416015625
31793;-79.841567993164063;-93.12213134765625
32288.5;-72.588142395019531;-88.503730773925781
32784;-73.70782470703125;-98.860443115234375
33279.5;-72.91046142578125;-96.091766357421875
33775;-77.495368957519531;-86.821052551269531
34270.5;-74.087104797363281;-111.49884796142578
34766;-73.256568908691406;-81.998764038085938
35261.5;-66.238349914550781;-75.2059326171875
35757;-69.746849060058594;-90.84124755859375
36252.5;-76.878494262695312;-82.072586059570313
36748;-77.055427551269531;-92.886863708496094
37243.5;-77.233047485351562;-83.7490234375
37739;-74.452377319335938;-107.12390899658203
38234.5;-73.711822509765625;-102.58666229248047
38730;-75.528732299804687;-84.4024658203125
39225.5;-79.2900390625;-94.08251953125
39721;-80.473838806152344;-87.511634826660156
40216.5;-72.644744873046875;-80.174163818359375
40712;-72.668403625488281;-89.322822570800781
41207.5;-80.811279296875;-113.31427001953125
41703;-77.069503784179687;-108.00798797607422
42198.5;-76.495986938476563;-101.43651580810547
42694;-80.275459289550781;-86.699241638183594
43189.5;-70.653587341308594;-90.581527709960937
43685;-72.072540283203125;-84.206695556640625
44180.5;-76.273567199707031;-96.065582275390625
44676;-76.395462036132813;-86.979423522949219
45171.5;-72.647918701171875;-85.549636840820313
45667;-72.417091369628906;-85.681526184082031
46162.5;-79.698982238769531;-87.244293212890625
46658;-77.513893127441406;-88.215179443359375
47153.5;-76.687095642089844;-82.483131408691406
47649;-72.266876220703125;-80.069068908691406
48144.5;-74.636726379394531;-88.268287658691406
48640;-76.320289611816406;-84.457252502441406
49135.5;-76.168685913085938;-98.795761108398438
49631;-72.0794677734375;-77.58087158203125
50126.5;-75.76190185546875;-91.126731872558594
50622;-73.316184997558594;-88.549827575683594
51117.5;-76.424293518066406;-85.41204833984375
51613;-72.988273620605469;-84.989936828613281
52108.5;-74.571319580078125;-86.897148132324219
52604;-76.44940185546875;-88.671745300292969
53099.5;-76.988876342773438;-91.085365295410156
53595;-72.644744873046875;-83.577224731445313
54090.5;-77.30572509765625;-87.39715576171875
54586;-75.359329223632813;-96.488845825195313
55081.5;-79.588455200195313;-98.200790405273438
55577;-71.92877197265625;-80.811279296875
56072.5;-75.047294616699219;-94.39178466796875
56568;-78.611549377441406;-92.376296997070313
57063.5;-79.699775695800781;-86.306259155273438
57559;-77.832267761230469;-95.238197326660156
58054.5;-76.8876953125;-86.357406616210937
58550;-75.438270568847656;-93.003700256347656
59045.5;-73.642303466796875;-96.213249206542969
59541;-78.625579833984375;-89.029487609863281
60036.5;-73.44903564453125;-87.521408081054688
60532;-73.420066833496094;-102.60884094238281
61027.5;-72.233848571777344;-72.233848571777344
61523;-74.681648254394531;-80.332527160644531
62018.5;-77.6014404296875;-77.6014404296875
62514;-77.855369567871094;-87.521408081054688
63009.5;-76.486099243164063;-82.604393005371094
63505;-70.311538696289063;-80.831161499023437
64000.5;-74.29742431640625;-80.582229614257813
64496;-68.403587341308594;-77.605804443359375
64991.5;-76.535087585449219;-76.535087585449219
65487;-67.64984130859375;-77.656532287597656
65982.5;-68.367301940917969;-92.989006042480469
66478;-80.515640258789063;-89.861289978027344
66973.5;-74.47064208984375;-93.522468566894531
67469;-71.720184326171875;-91.858573913574219
67964.5;-72.835517883300781;-92.608482360839844
68460;-77.468902587890625;-99.812545776367188
68955.5;-68.711349487304688;-94.743843078613281
69451;-69.992584228515625;-91.8779296875
69946.5;-70.252693176269531;-70.252693176269531
70442;-74.068809509277344;-103.05319976806641
70937.5;-68.287269592285156;-99.637222290039063
71433;-70.280853271484375;-81.051170349121094
71928.5;-73.504150390625;-83.137771606445313
72424;-73.428550720214844;-108.41007995605469
72919.5;-75.970924377441406;-102.60884094238281
73415;-72.393417358398438;-109.29880523681641
73910.5;-74.063407897949219;-81.586280822753906
74406;-75.689491271972656;-85.632621765136719
74901.5;-76.8739013671875;-85.967811584472656
75397;-73.827438354492188;-97.587715148925781
75892.5;-73.935615539550781;-84.63916015625
76388;-74.859138488769531;-103.93852233886719
76883.5;-76.666900634765625;-88.386299133300781
77379;-83.694732666015625;-95.946136474609375
77874.5;-74.332473754882813;-99.975051879882813
78370;-78.52227783203125;-112.17350769042969
78865.5;-75.503700256347656;-101.59320068359375
79361;-74.395668029785156;-85.613754272460938
79856.5;-74.573959350585938;-82.651145935058594
80352;-76.722557067871094;-81.877449035644531
80847.5;-77.079490661621094;-83.296211242675781
81343;-77.946449279785156;-91.379119873046875
81838.5;-76.6966552734375;-98.911094665527344
82334;-72.62677001953125;-83.326324462890625
82829.5;-73.015464782714844;-107.08663177490234
83325;-81.500801086425781;-111.56089019775391
83820.5;-71.578025817871094;-83.970947265625
84316;-75.969375610351563;-91.816787719726563
84811.5;-79.726837158203125;-95.592376708984375
85307;-76.206871032714844;-105.540283203125
85802.5;-86.607231140136719;-94.627845764160156
86298;-76.844680786132813;-93.946258544921875
86793.5;-75.662994384765625;-83.735107421875
87289;-74.981971740722656;-93.363937377929688
87784.5;-77.68988037109375;-93.636367797851563
88280;-81.986351013183594;-92.99267578125
88775.5;-79.3922119140625;-87.6217041015625
89271;-77.334732055664063;-86.2706298828125
89766.5;-78.891525268554688;-87.663345336914063
90262;-78.988357543945313;-93.4293212890625
90757.5;-79.554794311523438;-84.965133666992188
91253;-80.034309387207031;-92.912284851074219
91748.5;-77.600822448730469;-83.383209228515625
92244;-77.308746337890625;-87.848159790039063
92739.5;-75.496353149414063;-96.412315368652344
93235;-77.338363647460938;-97.378410339355469
93730.5;-77.255805969238281;-120.38654327392578
94226;-76.861854553222656;-116.44503021240234
94721.5;-75.813560485839844;-82.355979919433594
95217;-78.109664916992188;-97.061874389648438
95712.5;-78.5723876953125;-102.11237335205078
96208;-74.070465087890625;-95.1907958984375
96703.5;-78.172752380371094;-104.21469879150391
97199;-78.444908142089844;-105.61846160888672
97694.5;-77.317192077636719;-77.317192077636719
98190;-77.40948486328125;-85.948211669921875
98685.5;-74.314926147460938;-91.829627990722656
99181;-74.924461364746094;-100.86382293701172
99676.5;-76.926284790039063;-87.105262756347656
100172;-76.938423156738281;-88.622772216796875
100667.5;-74.067558288574219;-74.067558288574219
101163;-79.084053039550781;-103.81003570556641
101658.5;-77.666587829589844;-90.364540100097656
102154;-74.670951843261719;-84.422966003417969
102649.5;-75.927581787109375;-88.640548706054688
103145;-75.895217895507812;-83.488273620605469
103640.5;-79.096649169921875;-87.352928161621094
104136;-75.310768127441406;-86.724174499511719
104631.5;-75.325645446777344;-86.309661865234375
105127;-83.500564575195313;-92.465667724609375
105622.5;-79.723648071289062;-92.482955932617187
106118;-80.4833984375;-121.68258666992187
106613.5;-76.466911315917969;-90.867073059082031
107109;-74.787513732910156;-87.090354919433594
107604.5;-80.753669738769531;-90.2086181640625
108100;-80.642250061035156;-111.975341796875
108595.5;-74.567794799804688;-101.62289428710937
109091;-74.653594970703125;-100.04092407226562
109586.5;-80.664421081542969;-90.473731994628906
110082;-79.348609924316406;-89.517478942871094
110577.5;-77.382675170898437;-87.751243591308594
111073;-78.119598388671875;-85.946578979492187
111568.5;-76.655143737792969;-101.81336212158203
112064;-76.158103942871094;-96.980148315429688
112559.5;-81.5478515625;-91.44952392578125
113055;-77.080078125;-86.758140563964844
113550.5;-79.558692932128906;-91.09716796875
114046;-76.978996276855469;-88.558647155761719
114541.5;-77.791984558105469;-98.294914245605469
115037;-75.793769836425781;-107.48627471923828
115532.5;-74.592033386230469;-88.904769897460937
116028;-81.844833374023437;-91.318359375
116523.5;-78.40374755859375;-85.953109741210938
117019;-77.904342651367188;-87.40679931640625
117514.5;-77.872093200683594;-82.9891357421875
118010;-74.14727783203125;-81.556709289550781
118505.5;-74.041007995605469;-86.510963439941406
119001;-76.455413818359375;-99.788429260253906
119496.5;-76.885391235351563;-93.506874084472656
119992;-79.168853759765625;-89.7569580078125
120487.5;-77.457847595214844;-77.457847595214844
120983;-74.924461364746094;-93.791938781738281
121478.5;-74.98150634765625;-113.7437744140625
121974;-81.106109619140625;-88.60504150390625
122469.5;-82.163917541503906;-101.68258666992187
122965;-80.283103942871094;-109.71659088134766
123460.5;-75.556808471679688;-97.706916809082031
123956;-75.692497253417969;-90.443565368652344
124451.5;-77.177597045898438;-116.49982452392578
124947;-81.761817932128906;-96.9395751953125
125442.5;-82.207298278808594;-94.884193420410156
125938;-82.757835388183594;-105.05593109130859
126433.5;-72.633460998535156;-92.455307006835938
126929;-82.257278442382812;-91.177215576171875
127424.5;-76.095962524414063;-87.807647705078125
127920;-78.096450805664063;-99.83673095703125
128415.5;-71.871147155761719;-82.148101806640625
128911;-75.672477722167969;-97.323837280273438
129406.5;-69.673393249511719;-84.326332092285156
129902;-69.101661682128906;-81.740684509277344
130397.5;-68.027656555175781;-88.759246826171875
130893;-66.246955871582031;-72.130516052246094
131388.5;-61.996597290039063;-76.989456176757813
131884;-59.218330383300781;-72.522514343261719
132379.5;-60.891845703125;-80.12646484375
132875;-56.964710235595703;-67.227447509765625
133370.5;-61.396137237548828;-101.2255859375
133866;-54.946449279785156;-62.564189910888672
134361.5;-62.927623748779297;-95.542999267578125
134857;-59.184787750244141;-74.616340637207031
135352.5;-62.634090423583984;-91.461830139160156
135848;-54.614303588867188;-72.607437133789063
136343.5;-56.210536956787109;-89.09954833984375
136839;-55.994281768798828;-78.144142150878906
137334.5;-56.215747833251953;-80.117286682128906
137830;-60.10595703125;-85.41357421875
138325.5;-59.895370483398438;-103.35048675537109
138821;-67.442176818847656;-92.985336303710938
139316.5;-65.850547790527344;-91.285118103027344
139812;-69.564353942871094;-95.848678588867188
140307.5;-67.764305114746094;-76.443939208984375
140803;-74.7294921875;-94.902473449707031
141298.5;-71.359939575195312;-78.966423034667969
141794;-78.482124328613281;-94.246376037597656
142289.5;-73.954048156738281;-95.022216796875
142785;-79.31585693359375;-86.781448364257813
143280.5;-72.672653198242188;-83.874038696289062
143776;-76.538955688476562;-82.598846435546875
144271.5;-72.234519958496094;-78.327423095703125
144767;-73.5662841796875;-88.276824951171875
145262.5;-77.583358764648438;-93.398490905761719
145758;-75.4202880859375;-93.679962158203125
146253.5;-75.674484252929688;-100.30097198486328
146749;-75.58050537109375;-97.544212341308594
147244.5;-73.964714050292969;-95.732154846191406
147740;-75.297836303710937;-89.282020568847656
148235.5;-77.991371154785156;-91.061820983886719
148731;-82.430732727050781;-94.474113464355469
149226.5;-80.358207702636719;-86.653114318847656
149722;-79.523590087890625;-89.889495849609375
150217.5;-75.906509399414063;-88.824882507324219
150713;-79.700576782226562;-106.03675842285156
151208.5;-74.751480102539062;-93.929878234863281
151704;-73.121749877929687;-96.527366638183594
152199.5;-81.829582214355469;-103.62078857421875
152695;-76.702842712402344;-113.20072937011719
153190.5;-81.686576843261719;-88.525650024414063
153686;-80.823020935058594;-89.436653137207031
154181.5;-80.826644897460938;-87.105262756347656
154677;-77.995285034179688;-99.079612731933594
155172.5;-77.942558288574219;-90.707595825195312
155668;-73.136299133300781;-82.967117309570313
156163.5;-75.72210693359375;-89.008567810058594
156659;-75.698005676269531;-99.23638916015625
157154.5;-77.284042358398438;-87.0421142578125
157650;-75.474830627441406;-83.322700500488281
158145.5;-72.191902160644531;-83.293807983398438
158641;-71.531982421875;-103.74649047851562
159136.5;-73.061233520507813;-80.928565979003906
159632;-74.255287170410156;-84.320915222167969
160127.5;-76.770065307617188;-104.86662292480469
160623;-74.51251220703125;-84.544265747070313
161118.5;-77.500923156738281;-86.763519287109375
161614;-70.850723266601563;-86.092979431152344
162109.5;-70.656951904296875;-78.960578918457031
162605;-76.268745422363281;-87.765312194824219
163100.5;-76.097015380859375;-93.49908447265625
163596;-75.43145751953125;-81.026130676269531
164091.5;-75.876777648925781;-75.876777648925781
164587;-75.180397033691406;-92.796661376953125
165082.5;-74.047218322753906;-92.832626342773438
165578;-73.250129699707031;-82.858985900878906
166073.5;-72.667343139648437;-90.203292846679688
166569;-71.306564331054687;-82.647796630859375
167064.5;-73.709426879882813;-80.717864990234375
167560;-73.415824890136719;-81.724617004394531
168055.5;-80.346214294433594;-96.309524536132813
168551;-77.605186462402344;-77.605186462402344
169046.5;-74.405166625976563;-90.601020812988281
169542;-79.0626220703125;-85.953109741210938
170037.5;-74.839134216308594;-92.569938659667969
170533;-73.654182434082031;-83.435585021972656
171028.5;-77.32928466796875;-95.732154846191406
171524;-74.56207275390625;-90.174049377441406
172019.5;-74.29827880859375;-86.623085021972656
172515;-76.825820922851562;-83.024017333984375
173010.5;-73.847671508789063;-94.284629821777344
173506;-77.476898193359375;-83.233932495117187
174001.5;-76.131721496582031;-90.329353332519531
174497;-74.037689208984375;-90.8441162109375
174992.5;-73.986091613769531;-87.2974853515625
175488;-73.476936340332031;-93.950355529785156
175983.5;-73.307037353515625;-88.685157775878906
176479;-76.358062744140625;-101.61298370361328
176974.5;-77.839317321777344;-100.35221862792969
177470;-80.319725036621094;-100.45561981201172
177965.5;-71.993980407714844;-97.009246826171875
178461;-74.845947265625;-81.814369201660156
178956.5;-68.611244201660156;-77.386329650878906
179452;-68.813529968261719;-81.271171569824219
179947.5;-77.263603210449219;-84.802047729492188
180443;-73.660919189453125;-84.172050476074219
180938.5;-74.02197265625;-86.176322937011719
181434;-74.806503295898437;-85.796195983886719
181929.5;-71.3050537109375;-84.189353942871094
182425;-72.313262939453125;-93.437042236328125
182920.5;-72.183540344238281;-94.920783996582031
183416;-67.328987121582031;-78.455917358398438
183911.5;-69.602287292480469;-80.743804931640625
184407;-67.665534973144531;-74.411216735839844
184902.5;-67.70318603515625;-79.035331726074219
185398;-71.500083923339844;-81.654678344726563
185893.5;-71.478164672851563;-78.141487121582031
186389;-70.354789733886719;-87.468765258789063
186884.5;-75.561241149902344;-87.882743835449219
187380;-75.498794555664062;-90.134330749511719
187875.5;-75.451896667480469;-108.54103088378906
188371;-69.21783447265625;-80.560272216796875
188866.5;-70.152320861816406;-79.638023376464844
189362;-70.878303527832031;-81.461776733398438
189857.5;-68.853782653808594;-80.125625610351562
190353;-61.973751068115234;-71.971420288085937
190848.5;-67.564727783203125;-79.835914611816406
191344;-71.621810913085937;-98.134178161621094
191839.5;-64.90618896484375;-75.245338439941406
192335;-67.283210754394531;-87.921562194824219
192830.5;-68.368377685546875;-86.46063232421875
193326;-67.647659301757812;-67.647659301757812
193821.5;-66.529777526855469;-78.261184692382813
194317;-59.481868743896484;-72.432907104492187
194812.5;-61.173175811767578;-89.32763671875
195308;-57.029441833496094;-71.36602783203125
195803.5;-57.549480438232422;-69.123031616210937
196299;-54.530109405517578;-78.444908142089844
196794.5;-54.613727569580078;-72.649330139160156
197290;-58.084491729736328;-82.68133544921875
197785.5;-54.923450469970703;-73.627677917480469
198281;-63.622165679931641;-72.652153015136719
198776.5;-59.727073669433594;-72.586044311523438
199272;-59.745105743408203;-72.497169494628906
199767.5;-55.291183471679687;-62.682682037353516
200263;-58.737022399902344;-75.145050048828125
200758.5;-55.166282653808594;-68.604812622070313
201254;-55.140483856201172;-74.778045654296875
201749.5;-52.325702667236328;-69.178466796875
202245;-53.485130310058594;-68.982162475585937
202740.5;-52.112522125244141;-69.088539123535156
203236;-51.641082763671875;-63.49713134765625
203731.5;-60.074287414550781;-89.7569580078125
204227;-54.915748596191406;-69.949295043945313
204722.5;-63.156333923339844;-75.11077880859375
205218;-54.990371704101563;-66.623435974121094
205713.5;-61.685882568359375;-74.913925170898437
206209;-55.641399383544922;-76.079185485839844
206704.5;-56.475948333740234;-69.249992370605469
207200;-57.530086517333984;-78.173423767089844
207695.5;-57.519691467285156;-67.24713134765625
208191;-56.219577789306641;-79.274894714355469
208686.5;-56.082122802734375;-71.111640930175781
209182;-58.906448364257813;-69.821449279785156
209677.5;-56.763771057128906;-68.12457275390625
210173;-60.3681640625;-89.96429443359375
210668.5;-58.592430114746094;-64.466056823730469
211164;-64.789329528808594;-81.2730712890625
211659.5;-59.676685333251953;-69.947219848632813
212155;-61.233638763427734;-76.28375244140625
212650.5;-65.229911804199219;-73.979507446289063
213146;-67.575340270996094;-72.697456359863281
213641.5;-66.421089172363281;-76.540611267089844
214137;-66.434196472167969;-92.818222045898438
214632.5;-67.454010009765625;-88.678451538085938
215128;-67.025840759277344;-82.795204162597656
215623.5;-68.605033874511719;-85.052986145019531
216119;-64.769935607910156;-73.3543701171875
216614.5;-68.174392700195313;-79.698982238769531
217110;-65.105537414550781;-76.139106750488281
217605.5;-68.312942504882812;-86.917182922363281
218101;-66.754020690917969;-93.410041809082031
218596.5;-71.088027954101563;-78.33624267578125
219092;-68.480766296386719;-78.639640808105469
219587.5;-70.764793395996094;-77.86566162109375
220083;-72.629585266113281;-79.364646911621094
220578.5;-72.633819580078125;-84.277740478515625
221074;-66.179336547851563;-81.204765319824219
221569.5;-67.613990783691406;-85.74664306640625
222065;-70.336921691894531;-82.617729187011719
222560.5;-67.402931213378906;-84.55120849609375
223056;-70.561805725097656;-97.09124755859375
223551.5;-69.823997497558594;-76.66522216796875
224047;-75.365119934082031;-93.306663513183594
224542.5;-67.675872802734375;-96.401435852050781
225038;-74.451507568359375;-88.076499938964844
225533.5;-66.901512145996094;-109.27484130859375
226029;-79.483192443847656;-94.829597473144531
226524.5;-72.421554565429687;-91.357810974121094
227020;-72.891212463378906;-83.598350524902344
227515.5;-73.172576904296875;-97.372329711914063
228011;-76.103843688964844;-88.536636352539063
228506.5;-74.78662109375;-101.13137817382812
229002;-70.587936401367188;-78.292213439941406
229497.5;-70.471260070800781;-83.154319763183594
229993;-76.816703796386719;-84.730850219726563
230488.5;-74.510765075683594;-85.883201599121094
230984;-74.852767944335937;-80.813987731933594
231479.5;-76.099639892578125;-85.150665283203125
231975;-73.788726806640625;-81.496894836425781
232470.5;-77.913398742675781;-77.913398742675781
232966;-74.269309997558594;-88.530052185058594
233461.5;-72.780174255371094;-81.354408264160156
233957;-73.260726928710938;-79.937408447265625
234452.5;-71.604583740234375;-77.462760925292969
234948;-74.284629821777344;-81.972923278808594
235443.5;-70.989227294921875;-70.989227294921875
235939;-72.953857421875;-78.730133056640625
236434.5;-71.346870422363281;-77.897880554199219
236930;-71.18377685546875;-82.993782043457031
237425.5;-73.644287109375;-81.864173889160156
237921;-71.856971740722656;-80.429649353027344
238416.5;-73.278541564941406;-100.11562347412109
238912;-70.897895812988281;-84.079460144042969
239407.5;-75.08319091796875;-84.702537536621094
239903;-75.317008972167969;-101.15013885498047
240398.5;-72.993415832519531;-92.196922302246094
240894;-78.462806701660156;-90.867073059082031
241389.5;-76.497085571289062;-84.285820007324219
241885;-73.987327575683594;-88.811256408691406
242380.5;-75.807975769042969;-88.287490844726563
242876;-76.058265686035156;-76.058265686035156
243371.5;-74.3978271484375;-94.557228088378906
243867;-74.039352416992188;-74.039352416992188
244362.5;-73.052352905273437;-85.535621643066406
244858;-73.055679321289062;-105.69735717773437
245353.5;-73.113189697265625;-84.579032897949219
245849;-73.116172790527344;-86.972076416015625
246344.5;-73.212020874023438;-78.269264221191406
246840;-75.716567993164063;-82.822479248046875
247335.5;-78.453170776367188;-117.99593353271484
247831;-73.270957946777344;-90.690681457519531
248326.5;-73.120269775390625;-83.595863342285156
248822;-74.398689270019531;-83.947586059570313
249317.5;-75.633087158203125;-93.808052062988281
249813;-76.973770141601563;-87.7412109375
250308.5;-69.869743347167969;-79.298385620117188
250804;-77.020339965820313;-102.54244995117187
251299.5;-72.346939086914063;-82.169197082519531
251795;-75.297836303710937;-94.404731750488281
252290.5;-75.889068603515625;-93.715797424316406
252786;-74.531341552734375;-86.783248901367188
253281.5;-70.590988159179687;-86.835494995117187
253777;-76.590461730957031;-87.75927734375
254272.5;-74.207870483398438;-85.37225341796875
254768;-74.203643798828125;-79.722061157226563
255263.5;-71.96881103515625;-81.212333679199219
255759;-76.060348510742188;-92.369453430175781
256254.5;-71.692955017089844;-86.235145568847656
256750;-70.076148986816406;-78.330810546875
257245.5;-71.382171630859375;-98.431159973144531
257741;-71.884063720703125;-95.469451904296875
258236.5;-68.862457275390625;-110.31584930419922
258732;-68.782501220703125;-82.486412048339844
259227.5;-70.035049438476563;-84.323623657226562
259723;-68.760826110839844;-84.537322998046875
260218.5;-70.935470581054687;-95.930671691894531
260714;-64.758125305175781;-79.938217163085938
261209.5;-76.390571594238281;-91.400482177734375
261705;-62.967350006103516;-79.626983642578125
262200.5;-74.759574890136719;-100.19937896728516
262696;-58.793251037597656;-73.4979248046875
263191.5;-63.558738708496094;-101.17835235595703
263687;-55.032474517822266;-74.705307006835938
264182.5;-59.548534393310547;-84.425712585449219
264678;-53.255882263183594;-75.280616760253906
265173.5;-53.555858612060547;-74.394805908203125
265669;-51.889270782470703;-70.956062316894531
266164.5;-51.902313232421875;-85.767379760742187
266660;-54.172176361083984;-86.226722717285156
267155.5;-53.701454162597656;-74.3294677734375
267651;-56.068717956542969;-76.981315612792969
268146.5;-54.9837646484375;-74.422462463378906
268642;-55.924083709716797;-86.379676818847656
269137.5;-52.089530944824219;-65.9825439453125
269633;-61.695377349853516;-82.506149291992188
270128.5;-54.620189666748047;-61.250629425048828
270624;-61.691677093505859;-88.462234497070313
271119.5;-52.332809448242187;-64.628082275390625
271615;-57.179370880126953;-83.049690246582031
272110.5;-55.305591583251953;-77.288856506347656
272606;-57.15936279296875;-84.170722961425781
273101.5;-52.997306823730469;-84.522079467773438
273597;-53.319805145263672;-96.149650573730469
274092.5;-52.154388427734375;-115.27153778076172
274588;-52.144428253173828;-75.680984497070313
275083.5;-54.107242584228516;-88.089019775390625
275579;-52.964530944824219;-72.07781982421875
276074.5;-58.584671020507813;-79.270362854003906
276570;-55.928764343261719;-67.500312805175781
277065.5;-62.790328979492188;-93.189453125
277561;-58.279106140136719;-66.020622253417969
278056.5;-66.368362426757813;-83.024017333984375
278552;-66.136886596679688;-72.416404724121094
279047.5;-69.581932067871094;-88.457878112792969
279543;-65.046958923339844;-88.705307006835938
280038.5;-66.291473388671875;-92.060653686523438
280534;-69.203346252441406;-74.694137573242188
281029.5;-70.2677001953125;-75.775550842285156
281525;-70.382194519042969;-92.7501220703125
282020.5;-76.36834716796875;-93.352455139160156
282516;-75.280616760253906;-90.323951721191406
283011.5;-78.994216918945313;-85.789779663085937
283507;-75.2021484375;-83.001907348632812
284002.5;-70.818931579589844;-79.792434692382812
284498;-72.103302001953125;-91.228004455566406
284993.5;-70.496284484863281;-99.692626953125
285489;-78.116287231445313;-78.116287231445313
285984.5;-73.313514709472656;-85.964546203613281
286480;-70.224357604980469;-85.90264892578125
286975.5;-70.292144775390625;-84.327682495117188
287471;-77.41131591796875;-91.839263916015625
287966.5;-76.185638427734375;-98.261184692382812
288462;-72.121543884277344;-92.528076171875
288957.5;-70.253494262695312;-78.392799377441406
289453;-72.627830505371094;-83.551177978515625
289948.5;-73.319229125976563;-99.042701721191406
290444;-76.925712585449219;-84.280433654785156
290939.5;-76.853836059570313;-88.358261108398438
291435;-78.639640808105469;-85.740264892578125
291930.5;-74.922164916992188;-91.210044860839844
292426;-75.180397033691406;-94.672279357910156
292921.5;-78.033248901367188;-92.090385437011719
293417;-75.81915283203125;-107.50577545166016
293912.5;-76.611038208007813;-93.2686767578125
294408;-77.145561218261719;-93.514663696289063
294903.5;-72.966285705566406;-89.303596496582031
295399;-74.504653930664063;-83.815132141113281
295894.5;-79.004478454589844;-96.081275939941406
296390;-71.658882141113281;-80.725906372070313
296885.5;-72.962265014648438;-80.703575134277344
297381;-74.562507629394531;-81.14825439453125
297876.5;-74.676292419433594;-96.191993713378906
298372;-78.043746948242188;-108.51906585693359
298867.5;-76.771774291992188;-95.148338317871094
299363;-69.947219848632813;-85.496810913085937
299858.5;-74.155670166015625;-84.742210388183594
300354;-74.218429565429688;-81.61297607421875
300849.5;-76.770065307617188;-93.425460815429688
301345;-78.781448364257813;-113.62451171875
301840.5;-73.698661804199219;-92.366043090820312
302336;-73.928657531738281;-86.206527709960938
302831.5;-78.657943725585937;-102.21791076660156
303327;-76.754203796386719;-89.069114685058594
303822.5;-74.393508911132813;-81.262603759765625
304318;-77.057769775390625;-86.490104675292969
304813.5;-77.386932373046875;-88.811256408691406
305309;-72.0738525390625;-84.709602355957031
305804.5;-75.068252563476563;-96.588241577148438
306300;-72.058677673339844;-87.333770751953125
306795.5;-74.464111328125;-86.11956787109375
307291;-82.28399658203125;-110.84412384033203
307786.5;-77.744911193847656;-89.260490417480469
308282;-76.613265991210937;-88.061920166015625
308777.5;-79.254493713378906;-104.62513732910156
309273;-76.109092712402344;-108.00798797607422
309768.5;-77.900466918945313;-107.29367065429687
310264;-71.237899780273438;-80.538360595703125
310759.5;-71.264640808105469;-102.21791076660156
311255;-84.442153930664062;-105.52473449707031
311750.5;-73.002967834472656;-119.48861694335938
312246;-76.106468200683594;-85.433540344238281
312741.5;-77.120132446289062;-96.980148315429688
313237;-76.268745422363281;-97.348052978515625
313732.5;-70.439186096191406;-92.097000122070312
314228;-70.550987243652344;-70.550987243652344
314723.5;-72.27532958984375;-80.899322509765625
315219;-71.723358154296875;-86.860832214355469
315714.5;-72.505836486816406;-83.464950561523438
316210;-72.3309326171875;-91.907035827636719
316705.5;-74.645591735839844;-82.748794555664063
317201;-72.164825439453125;-97.834182739257813
317696.5;-71.816795349121094;-85.445846557617188
318192;-72.328216552734375;-78.513954162597656
318687.5;-73.660919189453125;-92.386558532714844
319183;-71.342315673828125;-84.006103515625
319678.5;-72.357856750488281;-81.718605041503906
320174;-70.433174133300781;-79.011817932128906
320669.5;-76.095962524414063;-82.887611389160156
321165;-71.430183410644531;-107.68324279785156
321660.5;-72.149482727050781;-98.261184692382812
322156;-77.296089172363281;-97.372329711914063
322651.5;-69.116691589355469;-84.455879211425781
323147;-69.096038818359375;-89.179649353027344
323642.5;-71.905097961425781;-79.746788024902344
324138;-74.226890563964844;-83.584671020507813
324633.5;-71.304450988769531;-83.504264831542969
325129;-71.759590148925781;-83.301025390625
325624.5;-70.957229614257813;-89.828071594238281
326120;-68.328590393066406;-82.265815734863281
326615.5;-61.602195739746094;-95.637062072753906
327111;-63.944091796875;-72.496818542480469
327606.5;-61.066501617431641;-74.829147338867188
328102;-61.976127624511719;-78.666404724121094
328597.5;-61.558483123779297;-79.49017333984375
329093;-62.795772552490234;-85.441238403320312
329588.5;-61.663642883300781;-75.303108215332031
330084;-61.371059417724609;-77.389976501464844
330579.5;-64.292160034179687;-88.251258850097656
331075;-62.1771240234375;-74.363365173339844
331570.5;-68.297317504882813;-81.268310546875
332066;-67.356185913085938;-67.356185913085938
332561.5;-64.313621520996094;-78.158775329589844
333057;-60.910186767578125;-70.0079345703125
333552.5;-67.231986999511719;-87.2613525390625
334048;-59.431953430175781;-66.840911865234375
334543.5;-65.816581726074219;-84.075515747070313
335039;-57.154735565185547;-71.656997680664062
335534.5;-68.778434753417969;-96.347251892089844
336030;-61.888175964355469;-88.122482299804687
336525.5;-63.371074676513672;-72.826515197753906
337021;-55.471607208251953;-102.92554473876953
337516.5;-56.988750457763672;-77.348663330078125
338012;-61.527927398681641;-80.97998046875
338507.5;-61.571876525878906;-93.929878234863281
339003;-60.19635009765625;-92.633110046386719
339498.5;-60.212520599365234;-79.588455200195313
339994;-64.042839050292969;-92.366043090820312
340489.5;-60.225593566894531;-68.879127502441406
340985;-61.893390655517578;-88.366874694824219
341480.5;-57.098194122314453;-72.923568725585937
341976;-69.247367858886719;-103.01819610595703
342471.5;-58.678543090820312;-69.01739501953125
342967;-67.166793823242188;-78.648780822753906
343462.5;-59.267932891845703;-74.823249816894531
343958;-65.571006774902344;-99.457649230957031
344453.5;-74.208717346191406;-87.603919982910156
344949;-67.929344177246094;-98.50701904296875
345444.5;-60.766868591308594;-75.238204956054688
345940;-61.009307861328125;-78.755043029785156
346435.5;-62.961681365966797;-82.501754760742188
346931;-62.822940826416016;-80.389984130859375
347426.5;-65.71624755859375;-88.918540954589844
347922;-65.019355773925781;-80.594551086425781
348417.5;-72.544448852539063;-99.109260559082031
348913;-66.726852416992188;-93.249755859375
349408.5;-65.935005187988281;-100.67507934570312
349904;-65.544647216796875;-70.7998046875
350399.5;-70.858467102050781;-80.59014892578125
350895;-64.278823852539062;-78.083244323730469
351390.5;-71.165908813476563;-114.23788452148437
351886;-69.358749389648437;-77.153846740722656
352381.5;-76.105415344238281;-101.46567535400391
352877;-70.231559753417969;-80.681304931640625
353372.5;-71.226211547851563;-80.329971313476563
353868;-69.953948974609375;-80.305229187011719
354363.5;-71.686637878417969;-84.109779357910156
354859;-71.458450317382812;-86.860832214355469
355354.5;-75.228225708007812;-93.379280090332031
355850;-79.898292541503906;-95.848678588867188
356345.5;-72.465324401855469;-79.556350708007813
356841;-76.452682495117188;-92.011337280273438
357336.5;-73.749382019042969;-81.709579467773437
357832;-75.183700561523438;-81.953330993652344
358327.5;-74.087944030761719;-87.484329223632813
358823;-77.639595031738281;-87.077346801757812
359318.5;-79.820594787597656;-100.82754516601562
359814;-79.545417785644531;-120.21623229980469
360309.5;-75.859405517578125;-75.859405517578125
360805;-77.579002380371094;-90.179359436035156
361300.5;-77.552902221679688;-98.731544494628906
361796;-75.196464538574219;-87.535102844238281
362291.5;-72.355461120605469;-88.449165344238281
362787;-73.891937255859375;-116.95114135742187
363282.5;-74.811027526855469;-96.69439697265625
363778;-74.494606018066406;-83.303436279296875
364273.5;-74.412086486816406;-101.96673583984375
364769;-74.306808471679688;-81.677597045898438
365264.5;-76.659622192382812;-87.70318603515625
365760;-78.62066650390625;-85.605911254882812
366255.5;-76.892860412597656;-100.37795257568359
366751;-76.53564453125;-98.618560791015625
367246.5;-75.293533325195313;-99.99969482421875
367742;-81.677597045898438;-90.584312438964844
368237.5;-74.513832092285156;-91.949256896972656
368733;-72.729812622070312;-84.54010009765625
369228.5;-73.644287109375;-93.62451171875
369724;-73.997627258300781;-81.787040710449219
370219.5;-76.885963439941406;-100.91850280761719
370715;-75.974029541015625;-100.80947113037109
371210.5;-76.990615844726562;-91.061820983886719
371706;-73.735374450683594;-89.65386962890625
372201.5;-72.611656188964844;-92.590950012207031
372697;-75.358848571777344;-88.338897705078125
373192.5;-76.637245178222656;-84.749305725097656
373688;-75.665489196777344;-81.874382019042969
374183.5;-77.021507263183594;-113.50686645507812
374679;-76.211128234863281;-92.725173950195313
375174.5;-76.576034545898438;-88.381973266601562
375670;-74.556793212890625;-123.44780731201172
376165.5;-78.808662414550781;-105.58711242675781
376661;-74.564277648925781;-81.875404357910156
377156.5;-77.508949279785156;-98.438026428222656
377652;-74.695480346679688;-85.801002502441406
378147.5;-77.053077697753906;-86.552841186523438
378643;-79.139755249023438;-86.280792236328125
379138.5;-75.929130554199219;-83.81768798828125
379634;-75.129539489746094;-112.41056060791016
380129.5;-83.690956115722656;-89.840843200683594
380625;-80.973533630371094;-90.769905090332031
381120.5;-80.931312561035156;-94.561630249023438
381616;-74.338043212890625;-85.237419128417969
382111.5;-76.619949340820313;-89.29400634765625
382607;-75.501739501953125;-80.559394836425781
383102.5;-75.991127014160156;-93.840377807617188
383598;-72.943626403808594;-86.8717041015625
384093.5;-76.341850280761719;-100.87290954589844
384589;-81.327529907226563;-103.19462585449219
385084.5;-78.097099304199219;-96.213249206542969
385580;-77.470748901367188;-89.604019165039063
386075.5;-72.027420043945313;-85.282638549804687
386571;-73.342132568359375;-89.422042846679688
387066.5;-73.633209228515625;-81.943038940429687
387562;-74.305953979492188;-85.325050354003906
388057.5;-74.530464172363281;-104.00348663330078
388553;-73.72698974609375;-79.957839965820313
389048.5;-77.675399780273438;-77.675399780273438
389544;-75.58990478515625;-96.577140808105469
390039.5;-77.419876098632812;-103.31427764892578
390535;-70.075103759765625;-83.332351684570312
391030.5;-74.899276733398438;-92.890487670898437
391526;-71.177520751953125;-83.074264526367188
392021.5;-75.564201354980469;-94.301681518554688
392517;-70.603813171386719;-102.63108062744141
393012.5;-70.658073425292969;-84.665855407714844
393508;-64.804191589355469;-101.62289428710937
394003.5;-63.682788848876953;-104.76637268066406
394499;-62.978702545166016;-86.42608642578125
394994.5;-62.129062652587891;-76.512489318847656
395490;-66.251686096191406;-79.843185424804688
395985.5;-61.198635101318359;-75.252479553222656
396481;-63.304996490478516;-98.513954162597656
396976.5;-57.66595458984375;-67.086074829101563
397472;-64.750160217285156;-94.579238891601562
397967.5;-55.823928833007812;-64.371795654296875
398463;-62.726146697998047;-89.800071716308594
398958.5;-56.256385803222656;-78.231605529785156
399454;-59.335941314697266;-94.318771362304688
399949.5;-59.780323028564453;-91.730644226074219
400445;-59.849166870117188;-90.2996826171875
400940.5;-56.430454254150391;-82.157585144042969
401436;-57.194782257080078;-86.535369873046875
401931.5;-55.871253967285156;-91.936241149902344
402427;-55.437629699707031;-75.644538879394531
402922.5;-59.704147338867188;-82.84185791015625
403418;-58.235092163085937;-76.656257629394531
403913.5;-56.686588287353516;-101.15013885498047
404409;-54.599937438964844;-67.714179992675781
404904.5;-62.180931091308594;-81.851959228515625
405400;-56.686256408691406;-64.806770324707031
405895.5;-65.389068603515625;-90.163444519042969
406391;-54.918819427490234;-65.988601684570313
406886.5;-62.436622619628906;-106.11956024169922
407382;-55.028854370117188;-70.499046325683594
407877.5;-56.975849151611328;-94.752830505371094
408373;-53.32098388671875;-79.707733154296875
408868.5;-54.084690093994141;-84.157432556152344
409364;-54.173187255859375;-82.586647033691406
409859.5;-53.975517272949219;-78.923439025878906
410355;-55.648967742919922;-94.779838562011719
410850.5;-55.387474060058594;-81.983253479003906
411346;-55.068531036376953;-97.09124755859375
411841.5;-52.825717926025391;-70.711830139160156
412337;-57.640655517578125;-79.689460754394531
412832.5;-52.327911376953125;-63.153255462646484
413328;-63.478321075439453;-73.114677429199219
413823.5;-52.537940979003906;-62.663993835449219
414319;-59.030254364013672;-83.29742431640625
414814.5;-55.718528747558594;-67.413360595703125
415310;-58.630844116210938;-92.901382446289063
415805.5;-58.916679382324219;-80.069892883300781
416301;-62.19140625;-79.795654296875
416796.5;-58.494632720947266;-102.63108062744141
417292;-59.224269866943359;-78.811531066894531
417787.5;-63.473537445068359;-92.217041015625
418283;-63.478691101074219;-86.282485961914063
418778.5;-73.8638916015625;-85.229904174804687
419274;-73.560401916503906;-84.502723693847656
419769.5;-75.54644775390625;-92.883232116699219
420265;-72.646156311035156;-82.823623657226563
420760.5;-72.557708740234375;-85.396720886230469
421256;-70.424972534179687;-87.04766845703125
421751.5;-72.164825439453125;-82.916336059570313
422247;-72.370147705078125;-98.261184692382812
422742.5;-70.231292724609375;-88.756996154785156
423238;-71.799819946289063;-86.897148132324219
423733.5;-70.926498413085937;-95.285873413085938
424229;-70.961296081542969;-85.15216064453125
424724.5;-71.747489929199219;-85.237419128417969
425220;-75.408638000488281;-84.723762512207031
425715.5;-75.58001708984375;-107.98733520507812
426211;-71.42864990234375;-91.765640258789063
426706.5;-69.789146423339844;-79.840766906738281
427202;-80.280548095703125;-88.893310546875
427697.5;-73.902938842773438;-85.778572082519531
428193;-75.666488647460938;-93.144508361816406
428688.5;-73.350540161132812;-88.691864013671875
429184;-73.378135681152344;-81.888679504394531
429679.5;-70.759963989257813;-77.721466064453125
430175;-70.404510498046875;-96.488845825195313
430670.5;-72.714141845703125;-98.087860107421875
431166;-73.643096923828125;-89.205718994140625
431661.5;-75.338134765625;-82.833877563476562
432157;-74.598213195800781;-85.184967041015625
432652.5;-73.065299987792969;-85.288688659667969
433148;-73.035369873046875;-86.391677856445313
433643.5;-76.704536437988281;-98.349159240722656
434139;-75.104225158691406;-83.242286682128906
434634.5;-72.39581298828125;-101.08466339111328
435130;-73.07086181640625;-78.674171447753906
435625.5;-70.863632202148437;-81.565574645996094
436121;-70.272529602050781;-89.006248474121094
436616.5;-70.399612426757813;-70.399612426757813
437112;-74.957534790039063;-94.888763427734375
437607.5;-75.78515625;-110.47922515869141
438103;-70.388725280761719;-86.568595886230469
438598.5;-73.600860595703125;-97.62518310546875
439094;-70.207557678222656;-80.683090209960938
439589.5;-76.508628845214844;-116.44503021240234
440085;-73.441299438476563;-95.073371887207031
440580.5;-76.96099853515625;-85.48907470703125
441076;-69.796768188476562;-82.174476623535156
441571.5;-73.942977905273437;-90.654144287109375
442067;-68.486663818359375;-78.301002502441406
442562.5;-69.544334411621094;-90.8040771484375
443058;-72.922111511230469;-86.313056945800781
443553.5;-74.660263061523438;-90.575965881347656
444049;-69.788383483886719;-88.47967529296875
444544.5;-69.868972778320312;-85.949844360351563
445040;-75.117813110351563;-101.30169677734375
445535.5;-75.969894409179687;-89.537185668945313
446031;-68.038230895996094;-91.532913208007812
446526.5;-74.004219055175781;-99.457649230957031
447022;-72.937057495117188;-90.20062255859375
447517.5;-69.815086364746094;-93.215782165527344
448013;-70.055183410644531;-113.82420349121094
448508.5;-71.322906494140625;-87.090354919433594
449004;-70.833236694335937;-103.74649047851562
449499.5;-68.621444702148438;-81.620903015136719
449995;-63.920036315917969;-81.202880859375
450490.5;-65.293220520019531;-103.18275451660156
450986;-66.558441162109375;-95.742225646972656
451481.5;-64.782196044921875;-72.441856384277344
451977;-69.85260009765625;-91.09716796875
452472.5;-69.87255859375;-91.15045166015625
452968;-65.681526184082031;-81.906074523925781
453463.5;-69.684921264648437;-88.0411376953125
453959;-66.336570739746094;-75.427085876464844
454454.5;-64.30133056640625;-78.118934631347656
454950;-69.371566772460938;-80.096466064453125
455445.5;-64.816642761230469;-83.439247131347656
455941;-65.932075500488281;-81.531166076660156
456436.5;-58.298423767089844;-83.766777038574219
456932;-58.325717926025391;-72.340126037597656
457427.5;-70.962455749511719;-91.467987060546875
457923;-74.067138671875;-81.927619934082031
458418.5;-58.610004425048828;-84.970962524414063
458914;-56.891017913818359;-69.423011779785156
459409.5;-59.695011138916016;-80.0931396484375
459905;-57.420173645019531;-73.5662841796875
460400.5;-56.240364074707031;-82.638877868652344
460896;-51.681522369384766;-73.128089904785156
461391.5;-58.043415069580078;-86.495315551757812
461887;-55.594215393066406;-62.016914367675781
462382.5;-62.362022399902344;-78.855400085449219
462878;-54.669384002685547;-65.36920166015625
463373.5;-62.337333679199219;-80.35992431640625
463869;-54.370635986328125;-76.742324829101563
464364.5;-58.527061462402344;-107.92565155029297
464860;-58.889205932617187;-80.742912292480469
465355.5;-58.921546936035156;-78.372314453125
465851;-48.78314208984375;-75.859405517578125
466346.5;-48.890361785888672;-85.252471923828125
466842;-63.399864196777344;-83.315475463867187
467337.5;-58.372791290283203;-64.453414916992187
467833;-57.868289947509766;-84.545646667480469
468328.5;-54.090728759765625;-66.665328979492188
468824;-55.732711791992188;-80.395149230957031
469319.5;-49.537605285644531;-57.60162353515625
469815;-57.736465454101563;-76.754203796386719
470310.5;-53.853828430175781;-64.406021118164062
470806;-64.472801208496094;-92.057357788085938
471301.5;-48.559413909912109;-64.050048828125
471797;-55.320026397705078;-76.34130859375
472292.5;-52.664730072021484;-89.045783996582031
472788;-53.123359680175781;-75.191261291503906
473283.5;-55.004940032958984;-73.425849914550781
473779;-55.144386291503906;-68.6795654296875
474274.5;-46.895088195800781;-66.838386535644531
474770;-46.716171264648437;-86.777862548828125
475265.5;-56.782321929931641;-100.47296905517578
475761;-57.441532135009766;-72.968849182128906
476256.5;-60.13531494140625;-76.275703430175781
476752;-52.875087738037109;-59.825836181640625
477247.5;-55.754680633544922;-67.892326354980469
477743;-47.525218963623047;-55.169021606445312
478238.5;-53.735740661621094;-96.229225158691406
478734;-49.171562194824219;-63.003307342529297
479229.5;-52.395679473876953;-71.413642883300781
479725;-57.497032165527344;-77.943199157714844
480220.5;-57.625682830810547;-71.184669494628906
480716;-49.113143920898437;-69.952911376953125
481211.5;-49.530605316162109;-76.411773681640625
481707;-48.367996215820313;-75.554336547851563
482202.5;-48.278099060058594;-108.23850250244141
482698;-52.604877471923828;-79.174835205078125
483193.5;-50.886508941650391;-62.955551147460938
483689;-55.034889221191406;-70.258316040039063
484184.5;-53.257511138916016;-89.356575012207031
484680;-61.699176788330078;-79.870697021484375
485175.5;-50.737625122070313;-61.886642456054688
485671;-61.440879821777344;-91.781593322753906
486166.5;-51.09100341796875;-60.887199401855469
486662;-58.379474639892578;-81.603080749511719
487157.5;-52.276477813720703;-59.664566040039063
487653;-60.486793518066406;-100.89111328125
488148.5;-54.160533905029297;-67.493682861328125
488644;-56.562229156494141;-94.544052124023438
489139.5;-59.284355163574219;-83.820243835449219
489635;-61.082233428955078;-88.983085632324219
490130.5;-58.242881774902344;-71.377906799316406
490626;-58.745780944824219;-75.140342712402344
491121.5;-55.531829833984375;-79.087760925292969
491617;-55.155353546142578;-87.138877868652344
492112.5;-56.51959228515625;-74.4241943359375
492608;-54.236797332763672;-77.048980712890625
493103.5;-60.672416687011719;-104.88104248046875
493599;-58.251216888427734;-72.026756286621094
494094.5;-64.548294067382813;-82.535835266113281
494590;-63.094211578369141;-70.833808898925781
495085.5;-70.146499633789063;-77.827140808105469
495581;-60.007759094238281;-75.596839904785156
496076.5;-68.192543029785156;-83.069572448730469
496572;-63.900165557861328;-87.667320251464844
497067.5;-67.80804443359375;-88.36041259765625
497563;-60.486099243164063;-68.891937255859375
498058.5;-63.652923583984375;-80.917587280273437
498554;-69.465225219726563;-81.799179077148438
499049.5;-67.404670715332031;-81.715591430664062
499545;-60.633575439453125;-68.896064758300781
500040.5;-60.687271118164062;-89.301193237304688
500536;-70.29241943359375;-98.925613403320312
501031.5;-66.099449157714844;-66.099449157714844
501527;-68.200996398925781;-78.014251708984375
502022.5;-71.427116394042969;-77.603309631347656
502518;-69.056976318359375;-93.261100769042969
503013.5;-67.470130920410156;-77.810508728027344
503509;-70.427436828613281;-92.379722595214844
504004.5;-66.936180114746094;-100.03266143798828
504500;-66.650108337402344;-87.3682861328125
504995.5;-66.110748291015625;-85.849266052246094
505491;-67.900901794433594;-79.138267517089844
505986.5;-69.733222961425781;-82.441627502441406
506482;-69.48309326171875;-69.48309326171875
506977.5;-68.756996154785156;-79.250709533691406
507473;-69.041587829589844;-97.40277099609375
507968.5;-68.246788024902344;-89.141860961914062
508464;-67.841659545898437;-82.4754638671875
508959.5;-67.623085021972656;-80.570808410644531
509455;-68.671745300292969;-78.607345581054688
509950.5;-68.829429626464844;-93.660125732421875
510446;-70.771331787109375;-85.462806701660156
510941.5;-67.170173645019531;-67.170173645019531
511437;-67.608062744140625;-75.071983337402344
511932.5;-67.683441162109375;-85.772178649902344
512428;-66.201316833496094;-80.068229675292969
512923.5;-67.244483947753906;-81.055816650390625
513419;-67.601158142089844;-77.377799987792969
513914.5;-65.905570983886719;-85.085426330566406
514410;-68.42938232421875;-78.629096984863281
514905.5;-64.568305969238281;-79.4383544921875
515401;-63.986423492431641;-96.385147094726563
515896.5;-66.955574035644531;-107.56452941894531
516392;-66.993217468261719;-100.83660125732422
516887.5;-69.428619384765625;-79.982437133789063
517383;-64.955818176269531;-92.919563293457031
517878.5;-69.225685119628906;-84.894035339355469
518374;-62.979167938232422;-77.395462036132812
518869.5;-68.190849304199219;-104.16141510009766
519365;-61.874485015869141;-71.017837524414063
519860.5;-67.622100830078125;-91.309280395507813
520356;-61.982326507568359;-85.48907470703125
520851.5;-64.949272155761719;-86.572097778320312
521347;-59.297245025634766;-72.290550231933594
521842.5;-59.404487609863281;-86.162933349609375
522338;-58.935436248779297;-86.833686828613281
522833.5;-58.879798889160156;-99.893417358398438
523329;-55.941024780273437;-77.946449279785156
523824.5;-53.630126953125;-78.078620910644531
524320;-53.931888580322266;-70.421157836914062
524815.5;-51.849529266357422;-61.649803161621094
525311;-55.367473602294922;-82.71612548828125
525806.5;-49.009876251220703;-56.17376708984375
526302;-54.6112060546875;-75.10797119140625
526797.5;-46.133167266845703;-54.127841949462891
527293;-52.226119995117188;-93.616622924804688
527788.5;-45.023838043212891;-68.234046936035156
528284;-47.155147552490234;-75.648025512695312
528779.5;-42.154548645019531;-62.204433441162109
529275;-43.036884307861328;-70.439186096191406
529770.5;-42.265377044677734;-68.407699584960938
530266;-42.236392974853516;-74.992591857910156
530761.5;-43.170612335205078;-81.057670593261719
531257;-42.924510955810547;-69.883598327636719
531752.5;-46.859268188476562;-83.917831420898437
532248;-45.165027618408203;-67.477714538574219
532743.5;-48.230655670166016;-77.0191650390625
533239;-44.813953399658203;-60.331081390380859
533734.5;-52.925537109375;-73.365478515625
534230;-42.530410766601563;-52.219398498535156
534725.5;-50.560813903808594;-68.928886413574219
535221;-43.9681396484375;-56.543315887451172
535716.5;-48.836711883544922;-86.8717041015625
536212;-44.536159515380859;-60.9505615234375
536707.5;-46.973861694335938;-75.5380859375
537203;-42.036849975585938;-68.082969665527344
537698.5;-43.806789398193359;-77.732231140136719
538194;-44.106925964355469;-86.866264343261719
538689.5;-43.922306060791016;-63.741809844970703
539185;-43.630966186523438;-98.925613403320312
539680.5;-42.145793914794922;-60.801620483398437
540176;-47.895248413085937;-91.836044311523438
540671.5;-43.822681427001953;-55.280044555664062
541167;-49.836376190185547;-78.018173217773438
541662.5;-42.896106719970703;-53.593463897705078
542158;-53.997829437255859;-69.610488891601563
542653.5;-44.029151916503906;-53.511398315429688
543149;-49.599884033203125;-72.027748107910156
543644.5;-41.659332275390625;-58.380157470703125
544140;-44.205463409423828;-74.074623107910156
544635.5;-44.347881317138672;-62.384834289550781
545131;-45.224365234375;-73.04681396484375
545626.5;-43.199359893798828;-74.881912231445313
546122;-43.243434906005859;-101.37848663330078
546617.5;-43.104412078857422;-88.022476196289063
547113;-41.927356719970703;-64.365951538085938
547608.5;-48.420600891113281;-91.276077270507812
548104;-44.423450469970703;-60.978874206542969
548599.5;-49.368885040283203;-81.417121887207031
549095;-44.885402679443359;-55.908405303955078
549590.5;-48.7686767578125;-74.310661315917969
550086;-41.578090667724609;-48.692626953125
550581.5;-49.153186798095703;-82.080947875976562
551077;-42.098209381103516;-54.18707275390625
551572.5;-49.330486297607422;-84.592979431152344
552068;-42.457836151123047;-70.392257690429687
552563.5;-42.928760528564453;-67.379432678222656
553059;-43.632102966308594;-63.949016571044922
553554.5;-43.929054260253906;-81.594184875488281
554050;-46.379722595214844;-67.079391479492187
554545.5;-46.001625061035156;-78.422248840332031
555041;-49.07452392578125;-86.4554443359375
555536.5;-48.236850738525391;-64.224067687988281
556032;-51.981258392333984;-81.750740051269531
556527.5;-50.560951232910156;-73.556877136230469
557023;-63.544746398925781;-73.388114929199219
557518.5;-57.314231872558594;-65.560081481933594
558014;-59.312274932861328;-74.156501770019531
558509.5;-58.817119598388672;-64.796188354492187
559005;-65.082626342773438;-85.7593994140625
559500.5;-56.312698364257813;-67.898857116699219
559996;-59.640224456787109;-88.911651611328125
560491.5;-58.215179443359375;-93.506874084472656
560987;-57.819198608398437;-68.238288879394531
561482.5;-60.473407745361328;-66.823394775390625
561978;-62.276401519775391;-69.317535400390625
562473.5;-60.030181884765625;-92.959693908691406
562969;-61.159065246582031;-61.159065246582031
563464.5;-63.654552459716797;-74.867324829101563
563960;-72.886497497558594;-82.665672302246094
564455.5;-65.932075500488281;-72.790565490722656
564951;-61.3125;-73.1456298828125
565446.5;-62.512962341308594;-102.26049041748047
565942;-68.339973449707031;-87.071769714355469
566437.5;-68.155441284179688;-96.750801086425781
566933;-64.375068664550781;-77.271415710449219
567428.5;-63.155384063720703;-70.530502319335938
567924;-63.194271087646484;-74.49591064453125
568419.5;-67.292724609375;-82.853279113769531
568915;-66.005500793457031;-89.258102416992187
569410.5;-64.601356506347656;-89.601539611816406
569906;-64.72149658203125;-72.936325073242188
570401.5;-66.523857116699219;-83.280601501464844
570897;-64.341781616210937;-92.176849365234375
571392.5;-63.881881713867187;-71.929092407226562
571888;-66.087013244628906;-73.682357788085938
572383.5;-61.652290344238281;-88.538841247558594
572879;-59.213218688964844;-98.632606506347656
573374.5;-60.879184722900391;-76.609931945800781
573870;-65.61846923828125;-65.61846923828125
574365.5;-63.887928009033203;-83.222000122070313
574861;-67.033973693847656;-83.624526977539063
575356.5;-61.506671905517578;-72.78125
575852;-69.730453491210938;-95.951286315917969
576347.5;-63.621414184570313;-75.086921691894531
576843;-62.307994842529297;-80.670639038085938
577338.5;-61.124824523925781;-106.58087158203125
577834;-67.172996520996094;-81.684577941894531
578329.5;-65.736442565917969;-71.193328857421875
578825;-64.799186706542969;-71.919036865234375
579320.5;-65.094146728515625;-71.385833740234375
579816;-65.571319580078125;-88.565254211425781
580311.5;-63.640281677246094;-76.523506164550781
580807;-62.495075225830078;-69.088539123535156
581302.5;-69.284660339355469;-99.465385437011719
581798;-62.903457641601563;-92.912284851074219
582293.5;-60.287357330322266;-74.405166625976563
582789;-61.650199890136719;-61.650199890136719
583284.5;-58.898471832275391;-80.817596435546875
583780;-59.383934020996094;-72.086746215820313
584275.5;-61.685882568359375;-71.976646423339844
584771;-62.150215148925781;-67.361564636230469
585266.5;-62.981601715087891;-81.875404357910156
585762;-62.513290405273438;-73.91680908203125
586257.5;-60.288970947265625;-79.643539428710937
586753;-60.265106201171875;-83.463722229003906
587248.5;-60.738613128662109;-96.836097717285156
587744;-58.058139801025391;-64.906906127929687
588239.5;-61.500118255615234;-71.203475952148438
588735;-54.586822509765625;-90.501243591308594
589230.5;-57.443981170654297;-77.426597595214844
589726;-55.554039001464844;-67.041557312011719
590221.5;-55.167510986328125;-75.625129699707031
590717;-52.772438049316406;-66.452674865722656
591212.5;-56.702671051025391;-83.541282653808594
591708;-52.888172149658203;-78.612953186035156
592203.5;-52.108543395996094;-71.011703491210938
592699;-50.974903106689453;-65.73675537109375
593194.5;-52.969142913818359;-82.99029541015625
593690;-48.756206512451172;-72.78948974609375
594185.5;-49.975658416748047;-80.644012451171875
594681;-49.167896270751953;-99.243927001953125
595176.5;-48.697952270507812;-64.336090087890625
595672;-53.426311492919922;-65.679946899414062
596167.5;-51.335308074951172;-61.050983428955078
596663;-50.769706726074219;-60.524288177490234
597158.5;-50.712120056152344;-66.117401123046875
597654;-52.630825042724609;-72.502716064453125
598149.5;-53.072673797607422;-63.137306213378906
598645;-55.246623992919922;-84.883926391601563
599140.5;-48.553752899169922;-62.394363403320312
599636;-59.075469970703125;-66.909896850585937
600131.5;-54.608463287353516;-61.081302642822266
600627;-54.934417724609375;-62.625743865966797
601122.5;-53.699901580810547;-78.128875732421875
601618;-52.073631286621094;-67.502456665039063
602113.5;-51.508686065673828;-60.157566070556641
602609;-52.950931549072266;-62.454277038574219
603104.5;-50.474205017089844;-69.9234619140625
603600;-51.687900543212891;-68.358901977539062
604095.5;-50.078804016113281;-69.21783447265625
604591;-53.355022430419922;-98.903839111328125
605086.5;-56.182716369628906;-74.465408325195313
605582;-52.250011444091797;-73.127342224121094
606077.5;-55.489299774169922;-78.230941772460938
606573;-50.679771423339844;-60.533550262451172
607068.5;-56.654743194580078;-89.458625793457031
607564;-52.247756958007813;-62.992389678955078
608059.5;-55.972892761230469;-74.312362670898438
608555;-50.806110382080078;-69.734992980957031
609050.5;-55.211097717285156;-78.843864440917969
609546;-54.605278015136719;-66.18353271484375
610041.5;-56.896480560302734;-74.638046264648438
610537;-56.705089569091797;-65.3157958984375
611032.5;-57.047393798828125;-72.885047912597656
611528;-55.879283905029297;-79.11297607421875
612023.5;-55.455841064453125;-79.646705627441406
612519;-54.893238067626953;-77.049568176269531
613014.5;-55.693492889404297;-72.676193237304687
613510;-62.064037322998047;-75.804931640625
614005.5;-59.536441802978516;-90.892990112304687
614501;-60.804508209228516;-73.906204223632813
614996.5;-52.979766845703125;-61.066501617431641
615492;-56.620510101318359;-82.072586059570313
615987.5;-52.145061492919922;-69.810760498046875
616483;-56.041507720947266;-73.279678344726562
616978.5;-55.438117980957031;-62.739776611328125
617474;-61.304374694824219;-78.638931274414063
617969.5;-57.931591033935547;-68.565032958984375
618465;-60.408763885498047;-79.761978149414063
618960.5;-55.623737335205078;-65.777618408203125
619456;-55.087478637695312;-83.86376953125
619951.5;-56.6285400390625;-75.770484924316406
620447;-56.586517333984375;-80.616600036621094
620942.5;-65.224205017089844;-93.608734130859375
621438;-61.398166656494141;-92.458763122558594
621933.5;-59.703907012939453;-76.952888488769531
622429;-58.377700805664063;-72.915191650390625
622924.5;-58.590190887451172;-80.470367431640625
623420;-56.09490966796875;-93.280052185058594
623915.5;-60.843307495117188;-94.934555053710938
624411;-57.4066162109375;-63.054836273193359
624906.5;-63.6121826171875;-96.239883422851562
625402;-58.705360412597656;-69.989204406738281
625897.5;-69.326438903808594;-93.876876831054687
626393;-59.979404449462891;-68.753387451171875
626888.5;-60.536964416503906;-83.259025573730469
627384;-62.71051025390625;-78.865493774414063
627879.5;-65.008071899414062;-80.865631103515625
628375;-65.626800537109375;-79.101097106933594
628870.5;-64.896934509277344;-82.256217956542969
629366;-62.951042175292969;-75.280143737792969
629861.5;-65.352432250976563;-65.352432250976563
630357;-66.531173706054688;-72.850677490234375
630852.5;-69.609992980957031;-84.787757873535156
631348;-68.803329467773437;-83.897201538085938
631843.5;-64.309432983398437;-79.308258056640625
632339;-70.348556518554687;-83.693473815917969
632834.5;-66.347496032714844;-74.020736694335938
633330;-70.578750610351563;-101.86418914794922
633825.5;-68.132331848144531;-73.822990417480469
634321;-72.433250427246094;-88.598396301269531
634816.5;-69.155075073242188;-80.476448059082031
635312;-72.957504272460938;-83.484588623046875
635807.5;-72.976539611816406;-88.843070983886719
636303;-72.406784057617187;-81.055816650390625
636798.5;-69.525108337402344;-76.4090576171875
637294;-72.365707397460938;-91.06475830078125
637789.5;-71.472000122070312;-88.673980712890625
638285;-70.929679870605469;-79.588455200195313
638780.5;-70.256706237792969;-82.709381103515625
639276;-72.882148742675781;-85.772178649902344
639771.5;-74.268455505371094;-100.76444244384766
640267;-72.850677490234375;-84.5013427734375
640762.5;-73.066780090332031;-78.602447509765625
641258;-73.040908813476562;-85.425849914550781
641753.5;-68.090896606445313;-87.36444091796875
642249;-71.704032897949219;-92.945083618164063
642744.5;-73.737777709960938;-85.448928833007813
643240;-74.299125671386719;-85.303817749023438
643735.5;-72.21636962890625;-96.991775512695313
644231;-73.146759033203125;-82.182937622070313
644726.5;-79.491722106933594;-100.19937896728516
645222;-73.499870300292969;-81.656669616699219
645717.5;-71.627143859863281;-80.881088256835938
646213;-72.054397583007812;-81.62884521484375
646708.5;-70.972625732421875;-87.3184814453125
647204;-72.13616943359375;-82.106071472167969
647699.5;-74.899276733398438;-86.586135864257813
648195;-72.073532104492188;-91.813583374023437
648690.5;-74.789779663085938;-87.12017822265625
649186;-78.540336608886719;-89.623924255371094
649681.5;-78.1322021484375;-86.875335693359375
650177;-76.976669311523438;-86.830070495605469
650672.5;-72.017570495605469;-104.3358154296875
651168;-73.145263671875;-96.21856689453125
651663.5;-70.683929443359375;-80.843849182128906
652159;-71.236099243164063;-80.94964599609375
652654.5;-69.353195190429688;-97.372329711914063
653150;-74.026519775390625;-86.188056945800781
653645.5;-72.913742065429688;-100.49037170410156
654141;-79.005210876464844;-108.76375579833984
654636.5;-77.455390930175781;-91.242996215820312
655132;-78.916175842285156;-99.153915405273437
655627.5;-76.013961791992188;-90.855583190917969
656123;-76.159698486328125;-112.10694885253906
656618.5;-77.135505676269531;-88.545433044433594
657114;-74.140151977539063;-79.287010192871094
657609.5;-73.548652648925781;-79.597877502441406
658105;-73.72698974609375;-88.285354614257812
658600.5;-68.751808166503906;-77.679176330566406
659096;-71.4569091796875;-84.780624389648437
659591.5;-66.784866333007812;-99.17633056640625
660087;-64.981758117675781;-86.348861694335938
660582.5;-67.091285705566406;-98.653717041015625
661078;-66.168121337890625;-88.503730773925781
661573.5;-68.528282165527344;-78.501487731933594
662069;-64.487541198730469;-76.134353637695313
662564.5;-72.281074523925781;-86.289268493652344
663060;-66.680580139160156;-66.680580139160156
663555.5;-70.71014404296875;-94.966743469238281
664051;-66.442306518554687;-79.997222900390625
664546.5;-73.328765869140625;-93.979087829589844
665042;-65.633407592773437;-83.833015441894531
665537.5;-69.664382934570313;-88.223655700683594
666033;-63.330307006835938;-85.18646240234375
666528.5;-63.253765106201172;-99.860977172851562
667024;-61.829490661621094;-82.651145935058594
667519.5;-64.050048828125;-90.918968200683594
668015;-64.412849426269531;-102.48751068115234
668510.5;-64.471839904785156;-94.766326904296875
669006;-61.200241088867187;-85.546516418457031
669501.5;-60.855010986328125;-95.157752990722656
669997;-63.638908386230469;-106.68679046630859
670492.5;-60.261970520019531;-73.05938720703125
670988;-68.099456787109375;-94.707992553710938
671483.5;-60.850288391113281;-67.706382751464844
671979;-65.383255004882812;-80.651107788085937
672474.5;-59.996574401855469;-73.310844421386719
672970;-65.590713500976563;-82.993782043457031
673465.5;-59.401573181152344;-100.06575012207031
673961;-62.879364013671875;-84.946212768554688
674456.5;-58.890655517578125;-89.210472106933594
674952;-59.113189697265625;-81.611000061035156
675447.5;-57.936256408691406;-73.094223022460938
675943;-57.964649200439453;-76.987129211425781
676438.5;-58.240261077880859;-76.96795654296875
676934;-57.295413970947266;-70.751731872558594
677429.5;-59.631313323974609;-75.513015747070312
677925;-57.058292388916016;-74.539237976074219
678420.5;-59.81890869140625;-90.021476745605469
678916;-55.786117553710938;-70.523323059082031
679411.5;-61.717803955078125;-96.2666015625
679907;-57.46435546875;-69.4549560546875
680402.5;-63.604209899902344;-101.47541809082031
680898;-54.918361663818359;-63.259147644042969
681393.5;-57.964385986328125;-88.925430297851563
681889;-57.056594848632813;-84.352088928222656
682384.5;-57.518394470214844;-77.630195617675781
682880;-56.337589263916016;-84.499961853027344
683375.5;-56.988460540771484;-100.73754119873047
683871;-53.73565673828125;-78.305740356445312
684366.5;-53.747142791748047;-80.773429870605469
684862;-54.993328094482422;-86.035110473632813
685357.5;-54.078029632568359;-72.38690185546875
685853;-59.675891876220703;-95.430488586425781
686348.5;-57.446006774902344;-69.716087341308594
686844;-68.398612976074219;-84.908500671386719
687339.5;-54.643466949462891;-67.341049194335937
687835;-62.486965179443359;-102.54244995117187
688330.5;-52.201114654541016;-62.037998199462891
688826;-60.524723052978516;-95.124839782714844
689321.5;-51.795276641845703;-65.36553955078125
689817;-56.091815948486328;-95.572601318359375
690312.5;-51.979984283447266;-65.499603271484375
690808;-52.061515808105469;-88.865882873535156
691303.5;-52.415546417236328;-79.86907958984375
691799;-52.579952239990234;-76.246818542480469
692294.5;-55.283485412597656;-82.30755615234375
692790;-55.078189849853516;-74.030242919921875
693285.5;-58.320499420166016;-80.1724853515625
693781;-57.618736267089844;-73.19134521484375
694276.5;-61.107521057128906;-75.273933410644531
694772;-59.059215545654297;-71.750999450683594
695267.5;-64.506599426269531;-94.007926940917969
695763;-60.567115783691406;-68.134849548339844
696258.5;-68.693199157714844;-82.010162353515625
696754;-64.25946044921875;-73.814521789550781
697249.5;-69.813804626464844;-89.2294921875
697745;-62.809741973876953;-82.592185974121094
698240.5;-65.908500671386719;-87.37213134765625
698736;-68.561065673828125;-82.010162353515625
699231.5;-69.302162170410156;-83.40631103515625
699727;-70.820358276367188;-84.770652770996094
700222.5;-67.764701843261719;-78.170761108398438
700718;-69.247604370117188;-81.017807006835938
701213.5;-67.638336181640625;-74.531776428222656
701709;-66.884056091308594;-79.880424499511719
702204.5;-68.915092468261719;-80.274612426757812
702700;-73.524032592773438;-88.847633361816406
703195.5;-76.761566162109375;-91.252006530761719
703691;-71.696434020996094;-80.673309326171875
704186.5;-67.683639526367188;-82.089317321777344
704682;-69.315849304199219;-91.309280395507813
705177.5;-71.843124389648438;-82.521530151367188
705673;-72.149154663085938;-88.0328369140625
706168.5;-71.106025695800781;-84.146820068359375
706664;-70.1650390625;-83.198196411132813
707159.5;-69.06024169921875;-88.861312866210937
707655;-71.517410278320312;-90.256706237792969
708150.5;-69.947479248046875;-85.9156494140625
708646;-75.058006286621094;-90.176704406738281
709141.5;-71.625579833984375;-90.947929382324219
709637;-72.919929504394531;-89.910064697265625
710132.5;-73.418907165527344;-88.384132385253906
710628;-70.047859191894531;-77.447418212890625
711123.5;-69.851318359375;-80.440025329589844
711619;-67.470130920410156;-74.911628723144531
712114.5;-68.698799133300781;-76.114875793457031
712610;-67.038970947265625;-101.42681884765625
713105.5;-69.431777954101563;-88.543228149414062
713601;-65.648521423339844;-79.072219848632812
714096.5;-70.660324096679688;-87.197074890136719
714592;-70.333946228027344;-82.018463134765625
715087.5;-65.4561767578125;-80.887466430664063
715583;-66.241889953613281;-66.241889953613281
716078.5;-66.386184692382813;-90.473731994628906
716574;-65.666030883789063;-76.478965759277344
717069.5;-70.342063903808594;-84.217384338378906
717565;-69.478683471679688;-77.233642578125
718060.5;-69.4544677734375;-82.343040466308594
718556;-63.067707061767578;-82.577789306640625
719051.5;-64.379829406738281;-64.379829406738281
719547;-64.645057678222656;-83.210090637207031
720042.5;-64.633270263671875;-84.537322998046875
720538;-63.141796112060547;-94.305946350097656
721033.5;-60.771812438964844;-94.370246887207031
721529;-62.547634124755859;-91.138587951660156
722024.5;-60.133975982666016;-83.313064575195313
722520;-60.827911376953125;-96.288032531738281
723015.5;-61.197689056396484;-91.511215209960938
723511;-60.335018157958984;-81.539016723632813
724006.5;-56.399265289306641;-96.081275939941406
724502;-60.436740875244141;-72.852119445800781
724997.5;-55.671527862548828;-79.333358764648438
725493;-53.323158264160156;-93.398490905761719
725988.5;-52.907890319824219;-62.948848724365234
726484;-57.729816436767578;-73.813308715820313
726979.5;-53.160068511962891;-69.403076171875
727475;-57.289810180664062;-70.735862731933594
727970.5;-56.392745971679688;-67.384246826171875
728466;-57.48822021484375;-68.803779602050781
728961.5;-55.507720947265625;-71.628707885742187
729457;-62.493209838867188;-75.712059020996094
729952.5;-55.102493286132813;-62.516036987304687
730448;-57.208614349365234;-74.237052917480469
730943.5;-54.989772796630859;-75.993194580078125
731439;-60.719024658203125;-82.423126220703125
731934.5;-56.745487213134766;-75.77099609375
732430;-56.773525238037109;-76.225494384765625
732925.5;-56.518486022949219;-76.414497375488281
733421;-57.359149932861328;-72.537132263183594
733916.5;-58.613929748535156;-85.917274475097656
734412;-57.816062927246094;-84.210693359375
734907.5;-54.775341033935547;-68.517311096191406
735403;-53.219406127929688;-61.325809478759766
735898.5;-61.722015380859375;-78.234962463378906
736394;-54.538791656494141;-62.061637878417969
736889.5;-58.730979919433594;-77.209747314453125
737385;-54.880229949951172;-64.417366027832031
737880.5;-57.411746978759766;-62.728847503662109
738376;-56.603687286376953;-65.262870788574219
738871.5;-59.658790588378906;-83.9398193359375
739367;-56.599292755126953;-70.305068969726562
739862.5;-55.799293518066406;-74.446296691894531
740358;-57.273693084716797;-78.349838256835938
740853.5;-58.902820587158203;-72.622200012207031
741349;-54.757732391357422;-79.852882385253906
741844.5;-53.724067687988281;-87.899070739746094
742340;-58.330062866210937;-68.470947265625
742835.5;-56.344497680664063;-63.536338806152344
743331;-57.706413269042969;-67.434623718261719
743826.5;-53.834068298339844;-68.835113525390625
744322;-58.884284973144531;-83.79473876953125
744817.5;-54.77313232421875;-60.78521728515625
745313;-58.267509460449219;-75.469947814941406
745808.5;-58.015228271484375;-69.164047241210938
746304;-59.363651275634766;-64.844039916992187
746799.5;-57.060638427734375;-78.908187866210937
747295;-55.859245300292969;-71.608650207519531
747790.5;-55.885276794433594;-69.616706848144531
748286;-59.214569091796875;-72.039581298828125
748781.5;-60.317760467529297;-73.266410827636719
749277;-55.741218566894531;-64.972709655761719
749772.5;-56.110618591308594;-68.690742492675781
750268;-54.172512054443359;-62.280036926269531
750763.5;-57.071552276611328;-68.375495910644531
751259;-59.808521270751953;-88.196144104003906
751754.5;-61.046527862548828;-74.133453369140625
752250;-57.331878662109375;-64.125373840332031
752745.5;-62.901161193847656;-84.739364624023438
753241;-53.324073791503906;-79.162132263183594
753736.5;-58.215579986572266;-76.097015380859375
754232;-54.434673309326172;-67.604713439941406
754727.5;-54.958183288574219;-73.28955078125
755223;-54.928356170654297;-66.762977600097656
755718.5;-57.9677734375;-70.284080505371094
756214;-55.588272094726562;-68.968292236328125
756709.5;-57.052845001220703;-79.887733459472656
757205;-61.093513488769531;-69.983497619628906
757700.5;-56.47003173828125;-69.563117980957031
758196;-61.408218383789063;-74.140571594238281
758691.5;-58.154640197753906;-66.01947021484375
759187;-60.800090789794922;-76.53564453125
759682.5;-55.304779052734375;-64.488510131835937
760178;-57.221565246582031;-71.423439025878906
760673.5;-55.753974914550781;-63.2252197265625
761169;-62.022518157958984;-76.98248291015625
761664.5;-58.557247161865234;-64.367584228515625
762160;-60.584079742431641;-75.086448669433594
762655.5;-57.769744873046875;-64.865333557128906
763151;-65.708778381347656;-89.746856689453125
763646.5;-58.449859619140625;-65.755409240722656
764142;-60.299694061279297;-89.02716064453125
764637.5;-59.982440948486328;-71.763725280761719
765133;-61.069103240966797;-74.118812561035156
765628.5;-58.812602996826172;-73.75299072265625
766124;-59.098201751708984;-80.742019653320312
766619.5;-64.118362426757813;-78.912544250488281
767115;-65.525672912597656;-90.971176147460938
767610.5;-63.118797302246094;-80.910270690917969
768106;-63.285888671875;-63.285888671875
768601.5;-66.402847290039063;-87.420318603515625
769097;-63.150421142578125;-81.379440307617188
769592.5;-67.968986511230469;-93.456382751464844
770088;-64.232902526855469;-86.942764282226563
770583.5;-66.7987060546875;-66.7987060546875
771079;-63.754726409912109;-63.754726409912109
771574.5;-64.68841552734375;-79.243171691894531
772070;-68.57098388671875;-87.882743835449219
772565.5;-69.303359985351563;-79.4979248046875
773061;-73.296012878417969;-83.244674682617188
773556.5;-73.132194519042969;-87.284156799316406
774052;-71.207359313964844;-78.915443420410156
774547.5;-72.104629516601563;-87.864418029785156
775043;-65.103759765625;-73.8125
775538.5;-67.610633850097656;-74.537918090820313
776034;-68.562385559082031;-82.397071838378906
776529.5;-68.508323669433594;-90.812644958496094
777025;-70.385185241699219;-85.073616027832031
777520.5;-67.40447998046875;-80.206954956054688
778016;-66.320381164550781;-71.369682312011719
778511.5;-67.959312438964844;-67.959312438964844
779007;-66.831336975097656;-87.462944030761719
779502.5;-66.707603454589844;-80.682197570800781
779998;-72.429817199707031;-86.725967407226563
780493.5;-71.521751403808594;-77.416816711425781
780989;-67.625267028808594;-96.841812133789063
781484.5;-67.888450622558594;-94.157760620117188
781980;-69.088775634765625;-80.014511108398438
782475.5;-70.615524291992188;-77.521926879882813
782971;-67.255668640136719;-78.876327514648437
783466.5;-64.978836059570313;-76.649551391601563
783962;-70.17510986328125;-97.713241577148438
784457.5;-64.271957397460938;-72.407821655273437
784953;-68.037399291992188;-81.605056762695312
785448.5;-67.540191650390625;-75.698005676269531
785944;-70.586540222167969;-99.289283752441406
786439.5;-62.711856842041016;-89.189117431640625
786935;-64.638603210449219;-84.899818420410156
787430.5;-58.966999053955078;-72.220405578613281
787926;-59.333961486816406;-80.091484069824219
788421.5;-56.995735168457031;-85.738670349121094
788917;-56.314899444580078;-86.260475158691406
789412.5;-57.718170166015625;-73.940116882324219
789908;-56.437278747558594;-80.613067626953125
790403.5;-57.407958984375;-85.091339111328125
790899;-54.362251281738281;-65.936309814453125
791394.5;-59.272319793701172;-94.513381958007813
791890;-53.737537384033203;-62.017120361328125
792385.5;-62.621738433837891;-72.440483093261719
792881;-51.740280151367187;-65.249458312988281
793376.5;-55.091732025146484;-90.2540283203125
793872;-52.164661407470703;-67.665138244628906
794367.5;-59.911396026611328;-90.809783935546875
794863;-52.299324035644531;-75.960586547851563
795358.5;-54.261573791503906;-90.556533813476562
795854;-53.933769226074219;-78.411277770996094
796349.5;-54.878086090087891;-76.888832092285156
796845;-55.509975433349609;-76.593238830566406
797340.5;-55.163032531738281;-92.407127380371094
797836;-60.638706207275391;-77.649627685546875
798331.5;-54.072212219238281;-78.505645751953125
798827;-57.398258209228516;-96.733848571777344
799322.5;-54.266162872314453;-67.536079406738281
799818;-65.360206604003906;-85.637336730957031
800313.5;-55.609386444091797;-64.667694091796875
800809;-63.353996276855469;-96.091766357421875
801304.5;-55.880615234375;-68.124786376953125
801800;-63.148883819580078;-83.977439880371094
802295.5;-55.095985412597656;-64.766944885253906
802791;-57.698268890380859;-83.874038696289062
803286.5;-54.221687316894531;-72.937057495117188
803782;-54.506961822509766;-86.479690551757812
804277.5;-57.349384307861328;-95.602294921875
804773;-56.467128753662109;-67.780601501464844
805268.5;-55.428199768066406;-86.104606628417969
805764;-54.206600189208984;-68.695442199707031
806259.5;-58.062740325927734;-105.72911834716797
806755;-54.512077331542969;-71.216934204101563
807250.5;-61.348163604736328;-83.491958618164063
807746;-55.163314819335938;-62.401412963867188
808241.5;-62.904953002929687;-73.253913879394531
808737;-54.039970397949219;-65.998283386230469
809232.5;-58.737239837646484;-80.224662780761719
809728;-56.219154357910156;-66.362030029296875
810223.5;-57.023075103759766;-79.027976989746094
810719;-56.053821563720703;-75.717071533203125
811214.5;-56.333705902099609;-88.328163146972656
811710;-57.224491119384766;-83.770584106445312
812205.5;-57.240642547607422;-80.866546630859375
812701;-56.270294189453125;-84.938949584960938
813196.5;-55.992000579833984;-78.597541809082031
813692;-59.143848419189453;-92.562950134277344
814187.5;-56.331924438476562;-75.444587707519531
814683;-63.036964416503906;-103.36259460449219
815178.5;-57.359207153320313;-68.700363159179688
815674;-63.453559875488281;-86.246955871582031
816169.5;-55.625774383544922;-62.862876892089844
816665;-63.031131744384766;-81.115463256835938
817160.5;-57.678413391113281;-69.825019836425781
817656;-60.993061065673828;-79.000076293945313
818151.5;-56.53790283203125;-69.110343933105469
818647;-59.949745178222656;-82.444892883300781
819142.5;-56.431327819824219;-69.238067626953125
819638;-58.337802886962891;-84.553977966308594
820133.5;-59.221633911132813;-97.044296264648437
820629;-59.186286926269531;-76.917625427246094
821124.5;-58.818199157714844;-89.045783996582031
821620;-58.370471954345703;-77.030258178710938
822115.5;-60.538539886474609;-78.453170776367188
822611;-58.896450042724609;-75.329490661621094
823106.5;-63.071456909179687;-86.149566650390625
823602;-57.828929901123047;-79.423713684082031
824097.5;-62.255474090576172;-82.173423767089844
824593;-60.421878814697266;-68.626548767089844
825088.5;-65.619728088378906;-98.752899169921875
825584;-58.321514129638672;-64.950141906738281
826079.5;-62.779224395751953;-85.579292297363281
826575;-57.460792541503906;-86.436431884765625
827070.5;-58.053798675537109;-90.612174987792969
827566;-56.632278442382813;-86.035110473632813
828061.5;-57.189601898193359;-96.643951416015625
828557;-57.014846801757813;-82.321517944335938
829052.5;-57.247947692871094;-76.435203552246094
829548;-60.514854431152344;-80.499069213867188
830043.5;-58.273105621337891;-79.412948608398437
830539;-63.128459930419922;-80.520004272460938
831034.5;-60.602134704589844;-79.490943908691406
831530;-70.976417541503906;-82.062164306640625
832025.5;-61.269363403320313;-70.478958129882813
832521;-66.817802429199219;-77.711349487304688
833016.5;-63.195106506347656;-74.290176391601563
833512;-71.522056579589844;-80.366783142089844
834007.5;-66.163436889648438;-76.642280578613281
834503;-70.848426818847656;-95.276321411132813
834998.5;-65.107612609863281;-84.367027282714844
835494;-72.744422912597656;-86.491844177246094
835989.5;-68.185783386230469;-101.25405120849609
836485;-68.816253662109375;-87.335685729980469
836980.5;-68.113265991210937;-87.3414306640625
837476;-70.244125366210937;-107.16135406494141
837971.5;-71.640327453613281;-100.99195861816406
838467;-68.04217529296875;-85.815452575683594
838962.5;-71.355072021484375;-84.362953186035156
839458;-73.531059265136719;-83.67462158203125
839953.5;-68.906379699707031;-79.583747863769531
840449;-70.825508117675781;-87.470710754394531
840944.5;-75.234405517578125;-84.376556396484375
841440;-70.573745727539062;-76.664100646972656
841935.5;-72.855003356933594;-90.484725952148438
842431;-69.798294067382812;-81.514495849609375
842926.5;-69.610237121582031;-95.538078308105469
843422;-67.176750183105469;-88.457878112792969
843917.5;-66.777145385742187;-80.353927612304688
844413;-72.580787658691406;-90.801223754882813
844908.5;-68.296890258789063;-87.103385925292969
845404;-72.485389709472656;-77.714508056640625
845899.5;-68.926353454589844;-80.304374694824219
846395;-67.031936645507813;-77.681694030761719
846890.5;-74.785263061523438;-83.193443298339844
847386;-69.525596618652344;-78.401695251464844
847881.5;-67.565711975097656;-82.440536499023438
848377;-68.779563903808594;-75.179924011230469
848872.5;-68.330093383789063;-78.518806457519531
849368;-68.557319641113281;-76.883087158203125
849863.5;-65.060203552246094;-85.573043823242188
850359;-66.637199401855469;-77.525016784667969
850854.5;-65.789299011230469;-72.679725646972656
851350;-63.926109313964844;-103.97744750976562
851845.5;-64.033538818359375;-73.974166870117187
852341;-64.638175964355469;-80.068229675292969
852836.5;-67.064720153808594;-74.448463439941406
853332;-60.649517059326172;-74.212516784667969
853827.5;-60.264263153076172;-83.877899169921875
854323;-60.3431396484375;-67.434242248535156
854818.5;-60.357357025146484;-80.196853637695313
855314;-60.61907958984375;-85.232917785644531
855809.5;-60.560184478759766;-69.4571533203125
856305;-57.609676361083984;-71.201385498046875
856800.5;-56.062492370605469;-69.4466552734375
857296;-63.053432464599609;-71.12139892578125
857791.5;-57.989345550537109;-68.396881103515625
858287;-59.007186889648437;-73.752182006835938
858782.5;-56.210693359375;-75.55926513671875
859278;-57.992740631103516;-80.299263000488281
859773.5;-55.822959899902344;-67.273323059082031
860269;-59.0145263671875;-71.250511169433594
860764.5;-55.100898742675781;-63.763984680175781
861260;-57.594322204589844;-71.193328857421875
861755.5;-56.411277770996094;-72.181190490722656
862251;-56.084896087646484;-70.521942138671875
862746.5;-60.720451354980469;-71.828666687011719
863242;-57.64862060546875;-67.118125915527344
863737.5;-58.480602264404297;-77.337753295898437
864233;-58.184421539306641;-64.309165954589844
864728.5;-60.801349639892578;-73.911911010742188
865224;-56.038589477539062;-68.644554138183594
865719.5;-65.32733154296875;-81.823493957519531
866215;-58.976280212402344;-65.30230712890625
866710.5;-63.192962646484375;-107.76329803466797
867206;-55.694446563720703;-66.587539672851563
867701.5;-59.478538513183594;-94.948333740234375
868197;-55.329582214355469;-61.524200439453125
868692.5;-61.484001159667969;-80.335952758789063
869188;-58.389785766601563;-89.076133728027344
869683.5;-58.603977203369141;-91.73699951171875
870179;-56.6195068359375;-67.398689270019531
870674.5;-58.218662261962891;-87.25946044921875
871170;-58.694240570068359;-68.5203857421875
871665.5;-59.394969940185547;-79.370765686035156
872161;-56.165351867675781;-78.932159423828125
872656.5;-56.130771636962891;-70.184410095214844
873152;-56.977008819580078;-64.354537963867187
873647.5;-57.053371429443359;-66.810050964355469
874143;-62.394256591796875;-62.394256591796875
874638.5;-57.812419891357422;-75.502235412597656
875134;-63.073211669921875;-69.670135498046875
875629.5;-58.889854431152344;-65.470672607421875
876125;-60.318790435791016;-91.094207763671875
876620.5;-58.701251983642578;-81.282608032226563
877116;-60.566677093505859;-79.379180908203125
877611.5;-57.137443542480469;-75.847663879394531
878107;-57.110919952392578;-82.752182006835938
878602.5;-57.709445953369141;-78.419502258300781
879098;-57.055538177490234;-81.101448059082031
879593.5;-61.558483123779297;-72.8250732421875
880089;-58.175552368164063;-63.867103576660156
880584.5;-62.915531158447266;-79.37841796875
881080;-58.818702697753906;-64.832122802734375
881575.5;-62.529567718505859;-89.368659973144531
882071;-61.820659637451172;-68.502197265625
882566.5;-65.0240478515625;-85.343292236328125
883062;-62.408245086669922;-74.29742431640625
883557.5;-65.518524169921875;-80.463417053222656
884053;-64.229957580566406;-90.83837890625
884548.5;-64.138740539550781;-99.168853759765625
885044;-63.154914855957031;-71.468605041503906
885539.5;-61.207611083984375;-77.417434692382813
886035;-63.613430023193359;-85.249458312988281
886530.5;-64.055160522460937;-95.5528564453125
887026;-60.705898284912109;-75.354507446289062
887521.5;-59.583354949951172;-71.521133422851562
888017;-59.802330017089844;-95.592376708984375
888512.5;-59.497535705566406;-91.545326232910156
889008;-64.577224731445312;-74.49853515625
889503.5;-62.143581390380859;-74.845489501953125
889999;-65.127182006835938;-76.000984191894531
890494.5;-62.117301940917969;-67.309120178222656
890990;-67.46954345703125;-94.378852844238281
891485.5;-61.950038909912109;-72.112922668457031
891981;-65.926216125488281;-79.060401916503906
892476.5;-64.893173217773437;-74.425491333007813
892972;-65.390289306640625;-76.513587951660156
893467.5;-65.040489196777344;-75.462135314941406
893963;-64.652923583984375;-78.21551513671875
894458.5;-67.551765441894531;-81.441360473632813
894954;-63.080482482910156;-95.233444213867187
895449.5;-66.762443542480469;-77.957496643066406
895945;-66.745254516601563;-75.889068603515625
896440.5;-68.245513916015625;-80.66796875
896936;-68.541908264160156;-68.541908264160156
897431.5;-69.787376403808594;-79.000076293945313
897927;-66.891685485839844;-75.800872802734375
898422.5;-70.518623352050781;-85.028007507324219
898918;-68.782501220703125;-83.474761962890625
899413.5;-69.128677368164063;-79.476211547851563
899909;-65.276443481445312;-75.8936767578125
900404.5;-68.466583251953125;-83.784561157226563
900900;-66.606178283691406;-78.912544250488281
901395.5;-71.2484130859375;-84.508247375488281
901891;-69.042289733886719;-99.550880432128906
902386.5;-76.141738891601563;-96.309524536132813
902882;-69.846458435058594;-93.007377624511719
903377.5;-69.798797607421875;-88.425262451171875
903873;-75.77099609375;-99.732421875
904368.5;-67.829498291015625;-94.111701965332031
904864;-75.066856384277344;-90.997390747070313
905359.5;-76.200492858886719;-95.637062072753906
905855;-75.006004333496094;-85.797798156738281
906350.5;-73.555313110351563;-87.983207702636719
906846;-76.877349853515625;-89.361404418945313
907341.5;-73.550216674804688;-105.4320068359375
907837;-72.394096374511719;-84.8695068359375
908332.5;-72.378005981445313;-82.623283386230469
908828;-73.918846130371094;-89.4390869140625
909323.5;-77.476898193359375;-92.647209167480469
909819;-72.111595153808594;-84.1773681640625
910314.5;-71.925521850585938;-88.449165344238281
910810;-71.984817504882813;-84.364311218261719
911305.5;-78.710968017578125;-87.185775756835938
911801;-74.9976806640625;-84.586006164550781
912296.5;-73.5513916015625;-87.433853149414063
912792;-78.396903991699219;-98.127548217773438
913287.5;-69.626670837402344;-85.057403564453125
913783;-72.228469848632812;-90.645729064941406
914278.5;-67.752845764160156;-96.434104919433594
914774;-67.911125183105469;-100.09896087646484
915269.5;-68.688278198242188;-94.237892150878906
915765;-68.8046875;-82.654495239257813
916260.5;-70.226493835449219;-85.510765075683594
916756;-70.2996826171875;-85.629470825195312
917251.5;-70.753158569335938;-89.239021301269531
917747;-67.201217651367188;-86.038414001464844
918242.5;-64.884651184082031;-90.000640869140625
918738;-63.765888214111328;-74.987503051757813
919233.5;-67.296730041503906;-87.582229614257813
919729;-64.758834838867188;-74.87188720703125
920224.5;-68.684028625488281;-87.909286499023438
920720;-62.370231628417969;-69.413528442382813
921215.5;-68.640327453613281;-95.115463256835938
921711;-59.3687744140625;-68.317222595214844
922206.5;-66.004844665527344;-82.473281860351562
922702;-58.451923370361328;-65.722915649414063
923197.5;-61.467136383056641;-91.778396606445312
923693;-56.789764404296875;-77.694931030273437
924188.5;-57.234298706054687;-88.109916687011719
924684;-56.684848785400391;-74.129684448242187
925179.5;-56.313499450683594;-76.362396240234375
925675;-57.738052368164063;-93.759803771972656
926170.5;-57.750869750976563;-83.741424560546875
926666;-56.300277709960937;-85.306854248046875
927161.5;-56.336185455322266;-81.107048034667969
927657;-64.609886169433594;-80.246635437011719
928152.5;-59.185611724853516;-103.72120666503906
928648;-61.01568603515625;-100.36078643798828
929143.5;-58.919582366943359;-76.081809997558594
929639;-64.750022888183594;-99.99969482421875
930134.5;-58.926631927490234;-65.163772583007813
930630;-65.633407592773437;-93.230865478515625
931125.5;-58.652793884277344;-72.9505615234375
931621;-59.431953430175781;-84.214706420898437
932116.5;-57.772544860839844;-76.710723876953125
932612;-59.944026947021484;-74.840042114257813
933107.5;-59.405796051025391;-79.93658447265625
933603;-59.972431182861328;-93.062713623046875
934098.5;-59.766700744628906;-82.994941711425781
934594;-60.109954833984375;-81.052093505859375
935089.5;-58.605731964111328;-103.41118621826172
935585;-58.602436065673828;-81.895843505859375
936080.5;-66.399238586425781;-83.213661193847656
936576;-59.490242004394531;-78.907470703125
937071.5;-64.115592956542969;-82.054862976074219
937567;-59.284355163574219;-78.409225463867188
938062.5;-67.34832763671875;-90.918968200683594
938558;-58.755035400390625;-67.019378662109375
939053.5;-63.152667999267578;-97.72589111328125
939549;-60.069480895996094;-76.648429870605469
940044.5;-63.534732818603516;-88.181358337402344
940540;-58.787815093994141;-95.869102478027344
941035.5;-59.539875030517578;-85.153640747070313
941531;-58.491451263427734;-99.403717041015625
942026.5;-59.571132659912109;-91.916763305664062
942522;-60.402729034423828;-79.290802001953125
943017.5;-60.405574798583984;-82.194572448730469
943513;-66.987510681152344;-100.82754516601562
944008.5;-59.101688385009766;-72.429115295410156
944504;-65.065216064453125;-87.343345642089844
944999.5;-61.897483825683594;-74.696823120117188
945495;-63.888442993164063;-89.196235656738281
945990.5;-60.346988677978516;-69.285369873046875
946486;-69.713569641113281;-86.833686828613281
946981.5;-63.281684875488281;-71.486488342285156
947477;-67.747833251953125;-89.532257080078125
947972.5;-61.036327362060547;-79.853691101074219
948468;-61.303035736083984;-79.527481079101562
948963.5;-61.111164093017578;-82.865852355957031
949459;-61.092578887939453;-89.77215576171875
949954.5;-61.789676666259766;-88.516876220703125
950450;-62.432590484619141;-85.826705932617188
950945.5;-62.804176330566406;-88.999290466308594
951441;-61.142257690429687;-84.620933532714844
951936.5;-60.744075775146484;-100.03266143798828
952432;-60.7557373046875;-78.495948791503906
952927.5;-67.087196350097656;-86.510963439941406
953423;-62.452533721923828;-79.750785827636719
953918.5;-76.266075134277344;-90.584312438964844
954414;-65.678207397460938;-88.743484497070313
954909.5;-69.2249755859375;-88.893310546875
955405;-62.835128784179687;-77.056015014648438
955900.5;-67.308738708496094;-92.420860290527344
956396;-62.71905517578125;-76.389488220214844
956891.5;-66.171638488769531;-82.285064697265625
957387;-64.812347412109375;-81.611000061035156
957882.5;-65.239372253417969;-86.299453735351563
958378;-65.2982177734375;-83.392929077148438
958873.5;-65.295494079589844;-77.468292236328125
959369;-68.872955322265625;-93.144508361816406
959864.5;-63.336948394775391;-86.512710571289063
960360;-71.312911987304687;-88.779563903808594
960855.5;-66.020622253417969;-81.945091247558594
961351;-77.484901428222656;-92.136833190917969
961846.5;-66.518272399902344;-80.098960876464844
962342;-74.678520202636719;-107.76329803466797
962837.5;-67.378662109375;-74.350906372070313
963333;-70.686737060546875;-82.152320861816406
963828.5;-65.1834716796875;-80.965248107910156
964324;-68.887588500976563;-104.62513732910156
964819.5;-66.126724243164063;-106.47621154785156
965315;-65.691818237304688;-94.396102905273438
965810.5;-66.915908813476562;-98.465560913085938
966306;-65.064033508300781;-81.49200439453125
966801.5;-65.919548034667969;-84.694053649902344
967297;-64.656021118164062;-86.570350646972656
967792.5;-72.818580627441406;-102.55348205566406
968288;-72.747276306152344;-93.905372619628906
968783.5;-76.493789672851563;-98.674873352050781
969279;-67.805015563964844;-76.636131286621094
969774.5;-76.875053405761719;-92.431182861328125
970270;-72.890129089355469;-85.349380493164062
970765.5;-76.702285766601563;-85.757797241210938
971261;-70.204360961914062;-85.714813232421875
971756.5;-69.655128479003906;-75.013877868652344
972252;-75.177558898925781;-96.593795776367188
972747.5;-73.412734985351563;-90.968269348144531
973243;-72.829750061035156;-88.567459106445312
973738.5;-73.317703247070313;-83.908805847167969
974234;-77.224075317382812;-90.821212768554688
974729.5;-78.093803405761719;-105.02653503417969
975225;-76.162338256835938;-99.535270690917969
975720.5;-70.949676513671875;-82.587760925292969
976216;-73.597320556640625;-82.815650939941406
976711.5;-74.207870483398438;-82.235977172851563
977207;-76.640602111816406;-89.681404113769531
977702.5;-72.186882019042969;-81.382331848144531
978198;-71.550621032714844;-80.996559143066406
978693.5;-73.652992248535156;-81.710586547851563
979189;-75.411064147949219;-80.736640930175781
979684.5;-70.294303894042969;-94.929962158203125
980180;-70.430709838867188;-89.691444396972656
980675.5;-73.876884460449219;-92.868743896484375
981171;-68.363204956054687;-83.035682678222656
981666.5;-71.86212158203125;-87.30511474609375
982162;-67.673690795898437;-75.854804992675781
982657.5;-68.932563781738281;-85.612190246582031
983153;-68.947990417480469;-85.757797241210938
983648.5;-67.983207702636719;-78.575172424316406
984144;-65.889030456542969;-95.012947082519531
984639.5;-68.6409912109375;-99.221336364746094
985135;-65.727058410644531;-98.752899169921875
985630.5;-65.059173583984375;-78.778594970703125
986126;-63.443897247314453;-73.877288818359375
986621.5;-64.668960571289062;-77.026756286621094
987117;-59.492958068847656;-70.979621887207031
987612.5;-62.672832489013672;-80.956985473632813
988108;-59.703750610351562;-97.162155151367188
988603.5;-61.755378723144531;-92.710945129394531
989099;-55.987960815429687;-74.353057861328125
989594.5;-55.878517150878906;-84.670082092285156
990090;-59.035846710205078;-90.775581359863281
990585.5;-58.687732696533203;-95.078048706054688
991081;-59.390674591064453;-89.922943115234375
991576.5;-59.255016326904297;-102.99494171142578
992072;-64.544540405273438;-83.955368041992188
992567.5;-58.963569641113281;-71.26373291015625
993063;-67.664535522460937;-98.342353820800781
993558.5;-61.428653717041016;-74.7762451171875
994054;-69.663627624511719;-97.421089172363281
994549.5;-58.472114562988281;-72.115570068359375
995045;-63.782020568847656;-73.352455139160156
995540.5;-64.9244384765625;-73.30133056640625
996036;-65.800682067871094;-86.304557800292969
996531.5;-66.649932861328125;-87.566497802734375
997027;-67.737197875976563;-78.603141784667969
997522.5;-62.400543212890625;-93.148246765136719
998018;-66.7459716796875;-87.320381164550781
998513.5;-63.176109313964844;-69.567573547363281
999009;-64.413948059082031;-80.831161499023437
999504.5;-65.673934936523437;-86.547599792480469
1000000;-64.260528564453125;-76.164451599121094
