Type;ZVL-3;
Version;3.31;
Date;23.May 25;
Mode;ANALYZER;
Center Freq;5004500.000000;Hz
Freq Offset;0.000000;Hz
Span;9991000.000000;Hz
x-Axis;LIN;
Start;9000.000000;Hz
Stop;10000000.000000;Hz
Ref Level;-20.000000;dBm
Level Offset;0.000000;dB
Ref Position;100.000000;%
y-Axis;LOG;
Level Range;100.000000;dB
Rf Att;0.000000;dB
RBW;300.000000;Hz
VBW;1000.000000;Hz
SWT;110.000000;s
Trace Mode;CLR/WRITE;
Detector;AUTOPEAK;
Sweep Count;0;
Trace 1:;;
x-Unit;Hz;
y-Unit;dBm;
Preamplifier;OFF;
Transducer;OFF;
Values;2001;
9000;-71.363288879394531;-103.73384094238281
13995.5;-73.851310729980469;-114.49590301513672
18991;-71.784149169921875;-99.653022766113281
23986.5;-73.891937255859375;-111.59207916259766
28982;-70.095062255859375;-110.61776733398437
33977.5;-66.444892883300781;-103.46005249023437
38973;-70.25537109375;-99.221336364746094
43968.5;-71.389495849609375;-95.971961975097656
48964;-71.361763000488281;-112.51417541503906
53959.5;-72.836601257324219;-113.58512115478516
58955;-60.968475341796875;-97.4947509765625
63950.5;-72.167831420898438;-101.41712951660156
68946;-62.702312469482422;-104.69546508789062
73941.5;-66.46270751953125;-126.15291595458984
78937;-70.555427551269531;-103.52152252197266
83932.5;-71.010246276855469;-101.03818511962891
88928;-74.763626098632812;-154.45236206054687
93923.5;-72.473617553710938;-100.80947113037109
98919;-72.839118957519531;-101.32083129882812
103914.5;-74.542304992675781;-109.1324462890625
108910;-74.242141723632812;-117.80219268798828
113905.5;-75.155876159667969;-107.9461669921875
118901;-69.574256896972656;-118.32877349853516
123896.5;-70.374320983886719;-108.04944610595703
128892;-56.58740234375;-101.35922241210937
133887.5;-57.037975311279297;-109.74180603027344
138883;-67.670303344726563;-105.32505035400391
143878.5;-75.537101745605469;-110.67380523681641
148874;-74.054267883300781;-116.8934326171875
153869.5;-72.922477722167969;-106.56333160400391
158865;-74.767227172851562;-107.98733520507812
163860.5;-73.265274047851562;-99.660926818847656
168856;-73.070487976074219;-118.46556091308594
173851.5;-72.012649536132813;-118.06149291992187
178847;-71.99822998046875;-102.58666229248047
183842.5;-68.346206665039063;-101.31125640869141
188838;-63.742443084716797;-105.35546875
193833.5;-63.424720764160156;-105.12985229492187
198829;-63.001796722412109;-104.49996185302734
203824.5;-64.799186706542969;-115.22394561767578
208820;-63.478076934814453;-104.14813995361328
213815.5;-69.742561340332031;-102.65338134765625
218811;-71.422523498535156;-105.08541870117187
223806.5;-71.407211303710938;-111.56089019775391
228802;-73.06011962890625;-105.32505035400391
233797.5;-71.90606689453125;-108.19613647460937
238793;-73.802017211914062;-110.90164947509766
243788.5;-71.30474853515625;-97.050155639648438
248784;-72.626068115234375;-121.10330963134766
253779.5;-70.656387329101563;-106.42436218261719
258775;-64.269668579101563;-91.348686218261719
263770.5;-60.416007995605469;-104.83786010742187
268766;-60.650489807128906;-94.761825561523438
273761.5;-63.802257537841797;-93.62451171875
278757;-69.95135498046875;-100.25003051757812
283752.5;-73.695075988769531;-107.76329803466797
288748;-73.016937255859375;-115.61220550537109
293743.5;-72.273979187011719;-99.59002685546875
298739;-71.221420288085938;-97.221687316894531
303734.5;-67.987945556640625;-117.80219268798828
308730;-68.648117065429688;-103.35048675537109
313725.5;-66.33197021484375;-97.384490966796875
318721;-60.956806182861328;-97.911453247070313
323716.5;-59.364490509033203;-99.732421875
328712;-58.169349670410156;-87.803604125976563
333707.5;-57.269607543945313;-89.349327087402344
338703;-60.523674011230469;-92.011337280273438
343698.5;-62.187595367431641;-93.185707092285156
348694;-62.430522918701172;-111.28512573242187
353689.5;-69.407699584960938;-92.735862731933594
358685;-69.115280151367188;-99.228858947753906
363680.5;-73.09942626953125;-99.772384643554688
368676;-71.893760681152344;-109.51747894287109
373671.5;-69.549774169921875;-93.824195861816406
378667;-71.279090881347656;-104.82352447509766
383662.5;-73.431640625;-106.88441467285156
388658;-64.351005554199219;-94.065895080566406
393653.5;-61.207138061523438;-103.70859527587891
398649;-61.918590545654297;-99.724441528320313
403644.5;-61.921463012695313;-101.52429962158203
408640;-60.848564147949219;-95.479225158691406
413635.5;-67.544898986816406;-103.86119079589844
418631;-69.539161682128906;-107.14261627197266
423626.5;-74.187202453613281;-101.90505981445312
428622;-70.699981689453125;-104.79489898681641
433617.5;-69.129852294921875;-106.44161224365234
438613;-66.230926513671875;-94.856849670410156
443608.5;-63.688194274902344;-106.23683166503906
448604;-57.854789733886719;-86.457168579101563
453599.5;-53.659294128417969;-82.762359619140625
458595;-53.268985748291016;-78.349838256835938
463590.5;-53.861980438232422;-93.62451171875
468586;-53.326553344726563;-78.048355102539062
473581.5;-54.123908996582031;-84.756416320800781
478577;-53.843212127685547;-88.645004272460938
483572.5;-54.477775573730469;-91.047134399414063
488568;-56.511547088623047;-94.182991027832031
493563.5;-59.617450714111328;-94.39178466796875
498559;-62.105239868164063;-89.858734130859375
503554.5;-63.436317443847656;-85.366142272949219
508550;-68.862678527832031;-92.024452209472656
513545.5;-64.966011047363281;-99.403717041015625
518541;-55.676074981689453;-100.47296905517578
523536.5;-50.460208892822266;-100.04918670654297
528532;-51.775215148925781;-82.068412780761719
533527.5;-51.321937561035156;-95.445075988769531
538523;-51.059917449951172;-99.613594055175781
543518.5;-51.735225677490234;-88.124580383300781
548514;-52.111095428466797;-81.378471374511719
553509.5;-59.875724792480469;-102.92554473876953
558505;-62.87237548828125;-101.39778900146484
563500.5;-62.114994049072266;-86.679695129394531
568496;-63.084117889404297;-96.968536376953125
573491.5;-59.34967041015625;-93.600860595703125
578487;-57.540367126464844;-101.96673583984375
583482.5;-51.502964019775391;-72.121208190917969
588478;-52.576904296875;-79.396820068359375
593473.5;-51.093307495117187;-94.166160583496094
598469;-50.792022705078125;-70.076408386230469
603464.5;-51.961772918701172;-86.326683044433594
608460;-51.976093292236328;-84.602752685546875
613455.5;-54.623863220214844;-87.208381652832031
618451;-53.528640747070313;-82.317230224609375
623446.5;-54.3878173828125;-99.259017944335938
628442;-63.028102874755859;-106.97575378417969
633437.5;-65.370269775390625;-108.69633483886719
638433;-69.501007080078125;-96.7564697265625
643428.5;-69.373748779296875;-104.68135833740234
648424;-68.075668334960937;-102.14389801025391
653419.5;-65.825424194335938;-93.107231140136719
658415;-66.932884216308594;-106.06978607177734
663410.5;-67.293487548828125;-99.645118713378906
668406;-64.035240173339844;-98.028656005859375
673401.5;-61.766460418701172;-90.454521179199219
678397;-60.947074890136719;-98.738662719726563
683392.5;-58.459495544433594;-102.37866973876953
688388;-61.728538513183594;-109.92037200927734
693383.5;-69.625930786132813;-97.853439331054688
698379;-70.179885864257813;-98.932884216308594
703374.5;-69.708786010742188;-111.34564971923828
708370;-71.290557861328125;-95.391685485839844
713365.5;-64.929801940917969;-86.369384765625
718361;-65.387077331542969;-91.49884033203125
723356.5;-66.467384338378906;-95.204986572265625
728352;-64.842315673828125;-103.43558502197266
733347.5;-64.320106506347656;-99.442207336425781
738343;-65.5828857421875;-100.46429443359375
743338.5;-64.186027526855469;-108.45351409912109
748334;-63.446582794189453;-92.912284851074219
753329.5;-66.431259155273437;-101.57346343994141
758325;-65.252769470214844;-106.92082977294922
763320.5;-67.112525939941406;-100.36936187744141
768316;-72.415031433105469;-111.74971771240234
773311.5;-70.348007202148438;-94.174575805664063
778307;-66.134384155273437;-106.75813293457031
783302.5;-60.002246856689453;-107.84409332275391
788298;-60.282680511474609;-106.51096343994141
793293.5;-60.347591400146484;-91.557769775390625
798289;-59.744468688964844;-96.671943664550781
803284.5;-60.224246978759766;-97.445571899414063
808280;-60.355899810791016;-95.869102478027344
813275.5;-60.064506530761719;-99.411407470703125
818271;-60.477405548095703;-112.41056060791016
823266.5;-60.7469482421875;-93.828239440917969
828262;-66.993392944335938;-98.424301147460938
833257.5;-69.591110229492188;-95.956459045410156
838253;-70.824081420898437;-105.26451873779297
843248.5;-65.102874755859375;-105.55587005615234
848244;-64.327690124511719;-87.314659118652344
853239.5;-63.269691467285156;-101.93583679199219
858235;-62.237686157226563;-96.347251892089844
863230.5;-60.966636657714844;-88.820335388183594
868226;-59.940921783447266;-96.69439697265625
873221.5;-61.131942749023438;-88.651687622070312
878217;-61.960960388183594;-91.114891052246094
883212.5;-61.129318237304688;-85.549636840820313
888208;-61.511272430419922;-98.94744873046875
893203.5;-61.771297454833984;-88.0369873046875
898199;-61.559959411621094;-102.04965972900391
903194.5;-65.773460388183594;-102.2818603515625
908190;-67.319618225097656;-90.517791748046875
913185.5;-61.332038879394531;-89.296394348144531
918181;-60.819046020507813;-102.72062683105469
923176.5;-60.021682739257813;-107.14261627197266
928172;-59.459423065185547;-112.34217071533203
933167.5;-59.895206451416016;-93.386962890625
938163;-59.905776977539063;-107.56452941894531
943158.5;-58.854167938232422;-97.963348388671875
948154;-59.256374359130859;-103.12362670898437
953149.5;-58.316364288330078;-90.617759704589844
958145;-57.568485260009766;-89.010887145996094
963140.5;-60.076362609863281;-105.08541870117187
968136;-64.159561157226563;-95.602294921875
973131.5;-61.861431121826172;-116.01864624023437
978127;-61.713695526123047;-93.644279479980469
983122.5;-65.111763000488281;-100.10729217529297
988118;-64.632713317871094;-94.601295471191406
993113.5;-67.011260986328125;-106.32157135009766
998109;-68.167022705078125;-111.81358337402344
1003104.5;-69.845184326171875;-110.28892517089844
1008100;-71.249908447265625;-91.006149291992188
1013095.5;-72.21636962890625;-100.49037170410156
1018091;-73.952003479003906;-110.64574432373047
1023086.5;-70.728507995605469;-106.11956024169922
1028082;-70.902511596679688;-125.35547637939453
1033077.5;-74.9976806640625;-102.16497802734375
1038073;-71.369377136230469;-100.71071624755859
1043068.5;-67.820381164550781;-98.860443115234375
1048064;-64.919509887695312;-101.03818511962891
1053059.5;-67.420890808105469;-126.32157135009766
1058055;-65.324142456054687;-92.771575927734375
1063050.5;-64.200157165527344;-112.30817413330078
1068046;-63.846076965332031;-99.645118713378906
1073041.5;-64.467842102050781;-90.457267761230469
1078037;-63.950054168701172;-108.51906585693359
1083032.5;-62.577796936035156;-94.250617980957031
1088028;-63.261665344238281;-97.050155639648438
1093023.5;-63.409477233886719;-100.99195861816406
1098019;-61.530281066894531;-87.890899658203125
1103014.5;-67.517494201660156;-103.24229431152344
1108010;-62.35662841796875;-89.833175659179687
1113005.5;-62.507137298583984;-89.691444396972656
1118001;-61.892265319824219;-85.823493957519531
1122996.5;-61.687984466552734;-91.053009033203125
1127992;-61.445446014404297;-97.215713500976563
1132987.5;-61.056369781494141;-94.166160583496094
1137983;-60.285911560058594;-82.583328247070313
1142978.5;-59.623199462890625;-81.194381713867188
1147974;-60.471153259277344;-101.34000396728516
1152969.5;-59.658950805664063;-82.255149841308594
1157965;-58.956779479980469;-88.667289733886719
1162960.5;-59.968334197998047;-90.232635498046875
1167956;-60.379241943359375;-94.71246337890625
1172951.5;-57.769428253173828;-91.826416015625
1177947;-58.639213562011719;-106.86625671386719
1182942.5;-60.918594360351563;-100.44695281982422
1187938;-62.080120086669922;-91.1861572265625
1192933.5;-61.046161651611328;-115.51349639892578
1197929;-61.654777526855469;-109.01554107666016
1202924.5;-61.927623748779297;-101.00119018554687
1207920;-63.155742645263672;-99.550880432128906
1212915.5;-62.046741485595703;-126.49356842041016
1217911;-62.880279541015625;-104.51377868652344
1222906.5;-62.349617004394531;-100.17417144775391
1227902;-62.055385589599609;-101.04746246337891
1232897.5;-61.557201385498047;-101.40745544433594
1237893;-60.454147338867188;-94.478469848632813
1242888.5;-65.574760437011719;-94.378852844238281
1247884;-66.890594482421875;-108.90018463134766
1252879.5;-66.851951599121094;-97.879173278808594
1257875;-70.056755065917969;-97.269607543945313
1262870.5;-70.67999267578125;-113.54590606689453
1267866;-72.502021789550781;-113.66408538818359
1272861.5;-72.277694702148438;-104.24147033691406
1277857;-75.124382019042969;-102.86814117431641
1282852.5;-75.3883056640625;-107.58419799804687
1287848;-73.106124877929688;-102.11237335205078
1292843.5;-73.118782043457031;-114.45236206054687
1297839;-72.424995422363281;-97.085365295410156
1302834.5;-67.091659545898437;-102.16497802734375
1307830;-64.990814208984375;-92.444961547851563
1312825.5;-66.986961364746094;-111.04713439941406
1317821;-66.617446899414063;-106.37281036376953
1322816.5;-64.530815124511719;-101.35922241210937
1327812;-63.726383209228516;-102.63108062744141
1332807.5;-62.681674957275391;-99.660926818847656
1337803;-62.052471160888672;-96.049911499023438
1342798.5;-62.028640747070313;-103.81003570556641
1347794;-60.798103332519531;-102.70938873291016
1352789.5;-62.489376068115234;-100.93680572509766
1357785;-61.2344970703125;-102.27116394042969
1362780.5;-59.006233215332031;-97.150291442871094
1367776;-57.556121826171875;-84.333099365234375
1372771.5;-57.196155548095703;-100.62190246582031
1377767;-59.550411224365234;-90.778434753417969
1382762.5;-60.0443115234375;-96.582687377929688
1387758;-61.307144165039063;-99.958663940429688
1392753.5;-60.710807800292969;-85.107612609863281
1397749;-61.266319274902344;-98.207481384277344
1402744.5;-60.259346008300781;-102.49847412109375
1407740;-60.810825347900391;-90.829788208007812
1412735.5;-59.694770812988281;-88.649452209472656
1417731;-61.973648071289063;-83.910087585449219
1422726.5;-60.84783935546875;-89.60650634765625
1427722;-59.915546417236328;-105.64993286132812
1432717.5;-58.945117950439453;-86.89532470703125
1437713;-57.749790191650391;-99.566513061523438
1442708.5;-58.992378234863281;-90.821212768554688
1447704;-57.643726348876953;-92.254051208496094
1452699.5;-61.971275329589844;-93.864692687988281
1457695;-61.637775421142578;-96.733848571777344
1462690.5;-63.433872222900391;-97.00341796875
1467686;-65.48907470703125;-110.12905883789063
1472681.5;-63.594497680664063;-105.4320068359375
1477677;-64.360244750976562;-100.76444244384766
1482672.5;-64.012100219726563;-90.570411682128906
1487668;-63.891403198242188;-99.716484069824219
1492663.5;-61.907314300537109;-104.01653289794922
1497659;-60.948173522949219;-96.039474487304688
1502654.5;-60.272064208984375;-85.623184204101563
1507650;-60.637294769287109;-90.044975280761719
1512645.5;-62.069675445556641;-103.02985382080078
1517641;-64.842025756835938;-98.774307250976563
1522636.5;-67.266105651855469;-91.829627990722656
1527632;-69.021347045898437;-102.64222717285156
1532627.5;-70.750038146972656;-104.59716796875
1537623;-71.297500610351563;-101.99773406982422
1542618.5;-70.067230224609375;-99.716484069824219
1547614;-68.619888305664063;-97.445571899414063
1552609.5;-68.779792785644531;-109.51747894287109
1557605;-67.726783752441406;-106.38996124267578
1562600.5;-68.500442504882812;-89.115982055664063
1567596;-65.021110534667969;-116.6104736328125
1572591.5;-63.836860656738281;-92.472579956054687
1577587;-64.617301940917969;-101.26355743408203
1582582.5;-64.198554992675781;-106.88441467285156
1587578;-64.734115600585937;-95.153045654296875
1592573.5;-62.104923248291016;-94.250617980957031
1597569;-63.132705688476563;-101.48517608642578
1602564.5;-62.789535522460938;-111.34564971923828
1607560;-62.360298156738281;-94.509010314941406
1612555.5;-62.346168518066406;-95.982307434082031
1617551;-61.122203826904297;-98.925613403320312
1622546.5;-62.072597503662109;-100.09896087646484
1627542;-60.824653625488281;-89.2294921875
1632537.5;-60.263751983642578;-99.434494018554688
1637533;-59.829627990722656;-96.881935119628906
1642528.5;-58.561843872070313;-93.751785278320313
1647524;-57.971160888671875;-89.35174560546875
1652519.5;-60.541603088378906;-101.77291107177734
1657515;-61.496406555175781;-82.316146850585937
1662510.5;-62.063518524169922;-100.56904602050781
1667506;-61.925876617431641;-98.472465515136719
1672501.5;-61.801815032958984;-90.470985412597656
1677497;-60.307018280029297;-83.1295166015625
1682492.5;-59.967842102050781;-97.079483032226562
1687488;-61.984703063964844;-111.81358337402344
1692483.5;-59.7113037109375;-96.118034362792969
1697479;-58.545204162597656;-93.95855712890625
1702474.5;-57.459381103515625;-93.077522277832031
1707470;-57.664760589599609;-105.02653503417969
1712465.5;-58.508476257324219;-89.038787841796875
1717461;-57.393875122070313;-98.241004943847656
1722456.5;-59.459968566894531;-85.831535339355469
1727452;-61.038459777832031;-96.439567565917969
1732447.5;-62.757949829101563;-100.71071624755859
1737443;-64.374519348144531;-107.9461669921875
1742438.5;-66.215774536132813;-97.656532287597656
1747434;-66.794387817382813;-101.72261810302734
1752429.5;-63.527816772460938;-102.78840637207031
1757425;-65.846519470214844;-92.710945129394531
1762420.5;-61.701377868652344;-89.029487609863281
1767416;-62.452533721923828;-89.977264404296875
1772411.5;-64.264556884765625;-97.470123291015625
1777407;-63.663200378417969;-93.644279479980469
1782402.5;-63.718051910400391;-92.84344482421875
1787398;-64.262138366699219;-107.66333770751953
1792393.5;-66.34356689453125;-92.150146484375
1797389;-68.997444152832031;-97.263603210449219
1802384.5;-67.82666015625;-108.90018463134766
1807380;-69.5140380859375;-102.7657470703125
1812375.5;-67.736000061035156;-103.99045562744141
1817371;-65.484893798828125;-91.222015380859375
1822366.5;-66.914634704589844;-93.518569946289063
1827362;-65.820594787597656;-94.59246826171875
1832357.5;-64.330131530761719;-93.344802856445312
1837353;-66.518798828125;-96.554977416992188
1842348.5;-65.901191711425781;-101.68258666992187
1847344;-63.648666381835938;-94.939140319824219
1852339.5;-61.955188751220703;-95.777565002441406
1857335;-62.999126434326172;-102.83387756347656
1862330.5;-61.584304809570313;-106.38996124267578
1867326;-62.619510650634766;-104.09526062011719
1872321.5;-60.003231048583984;-99.660926818847656
1877317;-63.744850158691406;-92.657798767089844
1882312.5;-63.375202178955078;-101.79311370849609
1887308;-59.314479827880859;-96.916473388671875
1892303.5;-57.888717651367188;-98.376411437988281
1897299;-59.985885620117188;-86.159591674804688
1902294.5;-59.560100555419922;-94.658927917480469
1907290;-58.626213073730469;-94.276115417480469
1912285.5;-57.21099853515625;-98.940170288085938
1917281;-58.73944091796875;-89.527328491210937
1922276.5;-58.024658203125;-90.110595703125
1927272;-58.093006134033203;-96.632781982421875
1932267.5;-61.429431915283203;-85.563667297363281
1937263;-61.69207763671875;-90.139617919921875
1942258.5;-60.368850708007812;-85.066238403320312
1947254;-61.151828765869141;-85.568351745605469
1952249.5;-61.251674652099609;-95.823211669921875
1957245;-60.447559356689453;-94.267608642578125
1962240.5;-58.350173950195313;-93.148246765136719
1967236;-59.781528472900391;-119.25901031494141
1972231.5;-59.475826263427734;-91.467987060546875
1977227;-58.041049957275391;-91.315330505371094
1982222.5;-60.310344696044922;-91.868247985839844
1987218;-60.973812103271484;-90.394432067871094
1992213.5;-61.528022766113281;-84.334457397460938
1997209;-62.253078460693359;-86.261062622070313
2002204.5;-62.229213714599609;-92.317985534667969
2007200;-65.342208862304688;-94.009262084960938
2012195.5;-66.557220458984375;-91.043289184570313
2017191;-65.885421752929688;-102.45412445068359
2022186.5;-64.465751647949219;-96.808937072753906
2027182;-62.740535736083984;-96.4930419921875
2032177.5;-66.884239196777344;-92.757034301757813
2037173;-66.208770751953125;-108.04872894287109
2042168.5;-67.137611389160156;-91.948966979980469
2047164;-66.62298583984375;-100.41145324707031
2052159.5;-66.406318664550781;-119.21115112304687
2057155;-66.006744384765625;-98.104438781738281
2062150.5;-64.558990478515625;-87.4990234375
2067146;-65.854743957519531;-92.078811645507813
2072141.5;-67.349235534667969;-102.25497436523437
2077137;-67.620742797851563;-102.0372314453125
2082132.5;-66.182975769042969;-95.031745910644531
2087128;-65.680282592773438;-102.90106201171875
2092123.5;-61.628532409667969;-95.501609802246094
2097119;-64.302093505859375;-103.7578125
2102114.5;-63.490047454833984;-99.050262451171875
2107110;-62.942848205566406;-82.656257629394531
2112105.5;-61.472087860107422;-92.979721069335937
2117101;-62.064659118652344;-102.24506378173828
2122096.5;-60.713729858398438;-90.450363159179688
2127092;-60.828521728515625;-89.583747863769531
2132087.5;-62.379600524902344;-89.680213928222656
2137083;-60.874443054199219;-101.05142211914062
2142078.5;-60.256607055664062;-90.761787414550781
2147074;-62.969871520996094;-105.05616760253906
2152069.5;-58.854557037353516;-97.993888854980469
2157065;-58.428573608398438;-95.765380859375
2162060.5;-57.846633911132813;-107.01992797851562
2167056;-59.755985260009766;-102.81515502929687
2172051.5;-56.776386260986328;-84.137565612792969
2177047;-57.764461517333984;-97.405921936035156
2182042.5;-60.300464630126953;-102.36171722412109
2187038;-57.580162048339844;-88.19036865234375
2192033.5;-58.092731475830078;-103.43382263183594
2197029;-58.166980743408203;-99.774612426757813
2202024.5;-58.694183349609375;-93.129753112792969
2207020;-60.914264678955078;-86.373344421386719
2212015.5;-61.159011840820313;-107.88858032226562
2217011;-61.047592163085938;-108.28260803222656
2222006.5;-59.562557220458984;-91.260459899902344
2227002;-58.402420043945313;-94.316505432128906
2231997.5;-60.226409912109375;-89.721382141113281
2236993;-59.717296600341797;-92.928337097167969
2241988.5;-60.581253051757813;-87.273590087890625
2246984;-59.304107666015625;-97.131416320800781
2251979.5;-62.600944519042969;-89.681533813476562
2256975;-61.805133819580078;-87.770523071289063
2261970.5;-60.931983947753906;-116.73993682861328
2266966;-63.99822998046875;-102.11928558349609
2271961.5;-61.942722320556641;-104.21641540527344
2276957;-61.361587524414063;-103.73262786865234
2281952.5;-64.532516479492188;-86.68853759765625
2286948;-63.056346893310547;-105.45149230957031
2291943.5;-64.652854919433594;-101.27543640136719
2296939;-65.579719543457031;-86.619232177734375
2301934.5;-67.725440979003906;-104.52547454833984
2306930;-65.605979919433594;-102.99662780761719
2311925.5;-67.453170776367188;-96.345779418945313
2316921;-66.85491943359375;-95.82818603515625
2321916.5;-68.392051696777344;-87.86383056640625
2326912;-66.62274169921875;-93.769805908203125
2331907.5;-66.620498657226563;-94.08929443359375
2336903;-65.381736755371094;-96.127548217773438
2341898.5;-64.879669189453125;-94.004692077636719
2346894;-64.329429626464844;-89.688270568847656
2351889.5;-63.886363983154297;-98.30078125
2356885;-61.911632537841797;-85.703506469726563
2361880.5;-63.614166259765625;-96.433998107910156
2366876;-61.181430816650391;-97.5528564453125
2371871.5;-61.293560028076172;-94.846336364746094
2376867;-61.669002532958984;-93.025230407714844
2381862.5;-61.860034942626953;-102.54487609863281
2386858;-58.754398345947266;-90.082321166992188
2391853.5;-60.357540130615234;-102.23193359375
2396849;-58.792797088623047;-91.429115295410156
2401844.5;-60.255508422851563;-90.840476989746094
2406840;-59.747577667236328;-80.863510131835938
2411835.5;-60.560108184814453;-101.20359802246094
2416831;-60.759235382080078;-86.304458618164063
2421826.5;-59.991371154785156;-99.979667663574219
2426822;-58.341098785400391;-95.139671325683594
2431817.5;-58.938995361328125;-95.308876037597656
2436813;-60.550182342529297;-99.294181823730469
2441808.5;-59.797374725341797;-93.481887817382813
2446804;-58.364635467529297;-91.855354309082031
2451799.5;-60.247177124023438;-84.113914489746094
2456795;-59.947383880615234;-94.633346557617188
2461790.5;-58.366481781005859;-108.70203399658203
2466786;-59.077491760253906;-84.6630859375
2471781.5;-58.559211730957031;-87.2718505859375
2476777;-58.963722229003906;-92.488075256347656
2481772.5;-60.304607391357422;-85.903755187988281
2486768;-59.029273986816406;-87.768112182617188
2491763.5;-60.198020935058594;-102.12591552734375
2496759;-62.149112701416016;-84.07037353515625
2501754.5;-62.843254089355469;-103.16021728515625
2506750;-61.59149169921875;-100.21546936035156
2511745.5;-64.601364135742187;-104.75099945068359
2516741;-62.828395843505859;-103.61606597900391
2521736.5;-63.17938232421875;-85.926368713378906
2526732;-61.013442993164062;-92.065513610839844
2531727.5;-64.462791442871094;-95.705848693847656
2536723;-62.136157989501953;-98.059005737304688
2541718.5;-62.771347045898437;-117.33336639404297
2546714;-62.408172607421875;-98.6240234375
2551709.5;-63.534080505371094;-105.98371887207031
2556705;-63.759971618652344;-89.262954711914063
2561700.5;-64.617950439453125;-103.54157257080078
2566696;-65.80889892578125;-97.252128601074219
2571691.5;-67.507293701171875;-108.12432098388672
2576687;-68.603950500488281;-97.078849792480469
2581682.5;-66.349250793457031;-96.664802551269531
2586678;-65.857276916503906;-100.32017517089844
2591673.5;-65.631263732910156;-89.86419677734375
2596669;-64.939544677734375;-104.58763122558594
2601664.5;-64.357719421386719;-92.266883850097656
2606660;-64.609786987304688;-103.50376129150391
2611655.5;-65.394119262695312;-105.44438934326172
2616651;-61.297840118408203;-107.46346282958984
2621646.5;-62.824089050292969;-92.708236694335938
2626642;-64.836532592773438;-91.048492431640625
2631637.5;-61.536693572998047;-91.961044311523438
2636633;-62.998886108398437;-88.967964172363281
2641628.5;-60.958110809326172;-94.342849731445313
2646624;-62.386890411376953;-108.34539031982422
2651619.5;-61.830009460449219;-99.563056945800781
2656615;-60.811313629150391;-102.06426239013672
2661610.5;-60.450786590576172;-85.906410217285156
2666606;-62.831588745117188;-101.93939971923828
2671601.5;-61.594314575195312;-86.2738037109375
2676597;-59.179981231689453;-93.853752136230469
2681592.5;-59.474510192871094;-87.370285034179688
2686588;-60.100048065185547;-95.017349243164062
2691583.5;-58.001205444335938;-85.519065856933594
2696579;-59.119171142578125;-103.67941284179687
2701574.5;-58.985893249511719;-103.09789276123047
2706570;-60.331188201904297;-96.2200927734375
2711565.5;-59.507442474365234;-92.435386657714844
2716561;-60.015064239501953;-96.395423889160156
2721556.5;-58.057689666748047;-101.54094696044922
2726552;-60.367729187011719;-100.51300048828125
2731547.5;-59.969425201416016;-95.016960144042969
2736543;-57.937469482421875;-92.507286071777344
2741538.5;-60.049968719482422;-87.430953979492188
2746534;-58.125724792480469;-96.761329650878906
2751529.5;-56.501060485839844;-89.559249877929688
2756525;-61.129608154296875;-96.477706909179687
2761520.5;-60.550312042236328;-106.39291381835937
2766516;-61.60443115234375;-89.750968933105469
2771511.5;-63.612968444824219;-83.257072448730469
2776507;-64.06182861328125;-102.47132873535156
2781502.5;-65.368782043457031;-96.0194091796875
2786498;-63.482166290283203;-85.328094482421875
2791493.5;-62.404224395751953;-92.40838623046875
2796489;-62.427223205566406;-104.1614990234375
2801484.5;-64.346794128417969;-98.830101013183594
2806480;-62.408409118652344;-99.548423767089844
2811475.5;-62.7127685546875;-95.460990905761719
2816471;-64.104560852050781;-102.51174163818359
2821466.5;-65.715927124023438;-94.101661682128906
2826462;-65.102249145507813;-92.970672607421875
2831457.5;-65.46966552734375;-99.376007080078125
2836453;-65.482421875;-107.51435089111328
2841448.5;-69.452880859375;-101.81897735595703
2846444;-65.282455444335937;-114.15773773193359
2851439.5;-62.699958801269531;-104.60440826416016
2856435;-63.684322357177734;-95.917625427246094
2861430.5;-64.972877502441406;-101.18569946289062
2866426;-61.991130828857422;-92.762451171875
2871421.5;-63.805564880371094;-91.244468688964844
2876417;-63.512428283691406;-82.021743774414063
2881412.5;-60.826301574707031;-97.405326843261719
2886408;-63.085678100585937;-101.61177062988281
2891403.5;-63.987648010253906;-93.428520202636719
2896399;-59.688385009765625;-100.34796142578125
2901394.5;-61.674728393554688;-86.103271484375
2906390;-58.632167816162109;-83.732139587402344
2911385.5;-61.068534851074219;-85.167915344238281
2916381;-61.1597900390625;-99.158256530761719
2921376.5;-60.811561584472656;-87.942558288574219
2926372;-61.252227783203125;-92.566444396972656
2931367.5;-60.949054718017578;-87.443916320800781
2936363;-58.453144073486328;-107.12677764892578
2941358.5;-57.502696990966797;-96.802009582519531
2946354;-58.167171478271484;-98.8663330078125
2951349.5;-59.285881042480469;-92.430572509765625
2956345;-60.747840881347656;-97.671234130859375
2961340.5;-59.071693420410156;-91.69189453125
2966336;-57.319511413574219;-93.639274597167969
2971331.5;-60.115608215332031;-87.548377990722656
2976327;-62.215560913085938;-99.011955261230469
2981322.5;-60.224639892578125;-93.509078979492188
2986318;-60.395557403564453;-93.250045776367188
2991313.5;-60.492397308349609;-95.391517639160156
2996309;-61.371280670166016;-91.578170776367188
3001304.5;-61.130878448486328;-90.476982116699219
3006300;-57.080619812011719;-99.903175354003906
3011295.5;-59.515117645263672;-92.064430236816406
3016291;-59.182247161865234;-101.15396118164062
3021286.5;-59.331996917724609;-95.558456420898437
3026282;-60.666015625;-94.051322937011719
3031277.5;-60.114059448242188;-83.797737121582031
3036273;-62.778167724609375;-86.958343505859375
3041268.5;-66.550331115722656;-102.99630737304687
3046264;-65.314987182617188;-104.50167083740234
3051259.5;-65.113059997558594;-98.768104553222656
3056255;-64.518142700195313;-92.211883544921875
3061250.5;-63.017318725585938;-105.29914093017578
3066246;-63.825828552246094;-106.97984313964844
3071241.5;-62.968826293945313;-93.660423278808594
3076237;-60.734706878662109;-98.640113830566406
3081232.5;-62.981979370117188;-98.762535095214844
3086228;-63.632526397705078;-102.16349029541016
3091223.5;-64.83929443359375;-86.512374877929688
3096219;-63.4554443359375;-94.50640869140625
3101214.5;-61.957809448242188;-111.324951171875
3106210;-62.85870361328125;-100.46638488769531
3111205.5;-64.273513793945313;-101.63681793212891
3116201;-62.682003021240234;-95.707725524902344
3121196.5;-61.71673583984375;-92.69451904296875
3126192;-59.849346160888672;-98.657806396484375
3131187.5;-62.668811798095703;-85.229690551757812
3136183;-60.408447265625;-96.226966857910156
3141178.5;-62.054222106933594;-92.310325622558594
3146174;-61.056137084960938;-97.248641967773438
3151169.5;-60.659584045410156;-104.29611968994141
3156165;-61.423175811767578;-99.44683837890625
3161160.5;-61.237163543701172;-89.326393127441406
3166156;-57.661060333251953;-87.215621948242187
3171151.5;-60.316162109375;-87.312263488769531
3176147;-60.661766052246094;-99.0953369140625
3181142.5;-59.651237487792969;-97.027374267578125
3186138;-63.023551940917969;-102.96879577636719
3191133.5;-58.869083404541016;-103.68183135986328
3196129;-58.676445007324219;-91.532096862792969
3201124.5;-59.020099639892578;-86.588821411132813
3206120;-58.549652099609375;-93.504959106445313
3211115.5;-57.994419097900391;-81.260322570800781
3216111;-56.766021728515625;-91.699913024902344
3221106.5;-60.378982543945313;-92.578201293945313
3226102;-59.766193389892578;-78.610389709472656
3231097.5;-59.454494476318359;-107.72510528564453
3236093;-60.281734466552734;-86.496543884277344
3241088.5;-59.124031066894531;-81.879127502441406
3246084;-62.399070739746094;-98.265022277832031
3251079.5;-62.434928894042969;-106.68070220947266
3256075;-60.318290710449219;-105.46558380126953
3261070.5;-60.011135101318359;-94.419807434082031
3266066;-60.352466583251953;-84.3824462890625
3271061.5;-61.310142517089844;-104.105224609375
3276057;-58.825271606445313;-104.40763092041016
3281052.5;-59.683467864990234;-94.054824829101563
3286048;-60.441211700439453;-92.245048522949219
3291043.5;-59.909049987792969;-103.16181182861328
3296039;-62.9622802734375;-98.023391723632813
3301034.5;-59.929290771484375;-89.720718383789063
3306030;-63.275100708007813;-93.645042419433594
3311025.5;-63.443138122558594;-104.05127716064453
3316021;-65.554794311523438;-88.393775939941406
3321016.5;-68.096443176269531;-99.333969116210937
3326012;-61.867584228515625;-100.67179870605469
3331007.5;-62.981563568115234;-103.79705047607422
3336003;-65.328536987304688;-102.22571563720703
3340998.5;-61.952850341796875;-97.365966796875
3345994;-64.266433715820313;-104.63455963134766
3350989.5;-62.653873443603516;-85.555038452148438
3355985;-66.243934631347656;-100.94593811035156
3360980.5;-63.835430145263672;-95.239242553710938
3365976;-63.360179901123047;-92.893966674804688
3370971.5;-62.762153625488281;-94.137290954589844
3375967;-62.750991821289063;-110.01863098144531
3380962.5;-63.182929992675781;-100.74818420410156
3385958;-61.541389465332031;-92.873489379882813
3390953.5;-60.315601348876953;-94.394805908203125
3395949;-61.878276824951172;-97.563369750976562
3400944.5;-59.577995300292969;-93.316970825195313
3405940;-62.020545959472656;-97.505271911621094
3410935.5;-62.527362823486328;-93.83697509765625
3415931;-58.491630554199219;-84.178199768066406
3420926.5;-60.623085021972656;-102.12041473388672
3425922;-58.965694427490234;-88.491554260253906
3430917.5;-60.936637878417969;-88.975273132324219
3435913;-57.735179901123047;-81.149574279785156
3440908.5;-58.219367980957031;-92.418106079101563
3445904;-60.87127685546875;-101.87469482421875
3450899.5;-57.887794494628906;-86.541328430175781
3455895;-59.482200622558594;-101.02010345458984
3460890.5;-58.176662445068359;-91.896224975585938
3465886;-57.878402709960937;-91.499603271484375
3470881.5;-58.763099670410156;-91.006828308105469
3475877;-58.625843048095703;-99.192794799804688
3480872.5;-60.049045562744141;-87.386512756347656
3485868;-58.482612609863281;-93.002883911132813
3490863.5;-58.369041442871094;-100.75204467773437
3495859;-58.448867797851563;-97.503532409667969
3500854.5;-59.010593414306641;-102.61709594726562
3505850;-60.3536376953125;-82.25628662109375
3510845.5;-59.200923919677734;-101.43025207519531
3515841;-57.627704620361328;-84.204742431640625
3520836.5;-60.495002746582031;-97.035621643066406
3525832;-60.135177612304687;-94.009544372558594
3530827.5;-57.583248138427734;-112.15370178222656
3535823;-60.546939849853516;-95.968727111816406
3540818.5;-61.512355804443359;-96.965194702148438
3545814;-62.886493682861328;-106.29467010498047
3550809.5;-64.349197387695312;-94.520622253417969
3555805;-62.285606384277344;-100.53163909912109
3560800.5;-61.705818176269531;-90.859107971191406
3565796;-61.872653961181641;-111.72366333007812
3570791.5;-66.628227233886719;-89.634696960449219
3575787;-62.829982757568359;-98.444366455078125
3580782.5;-63.588428497314453;-108.02706909179687
3585778;-61.197181701660156;-101.80275726318359
3590773.5;-62.856910705566406;-96.820953369140625
3595769;-64.032585144042969;-107.083251953125
3600764.5;-62.342666625976562;-99.246688842773438
3605760;-63.673583984375;-91.871871948242188
3610755.5;-64.494834899902344;-105.97544097900391
3615751;-62.685501098632812;-112.73117828369141
3620746.5;-64.839981079101563;-88.078819274902344
3625742;-64.972122192382812;-99.806564331054688
3630737.5;-62.5933837890625;-84.405281066894531
3635733;-62.089344024658203;-100.07228851318359
3640728.5;-63.052536010742188;-93.214569091796875
3645724;-60.823135375976563;-100.48770904541016
3650719.5;-62.108196258544922;-95.758377075195313
3655715;-62.604427337646484;-101.772216796875
3660710.5;-60.599945068359375;-95.197776794433594
3665706;-62.639896392822266;-86.459526062011719
3670701.5;-58.623947143554688;-100.92246246337891
3675697;-60.213958740234375;-100.71914672851562
3680692.5;-59.868999481201172;-79.278022766113281
3685688;-60.417747497558594;-88.834587097167969
3690683.5;-58.498779296875;-85.028915405273438
3695679;-57.783458709716797;-80.129501342773438
3700674.5;-55.978427886962891;-92.045791625976562
3705670;-58.695659637451172;-102.17219543457031
3710665.5;-60.990180969238281;-98.09222412109375
3715661;-59.289943695068359;-90.947647094726563
3720656.5;-56.468292236328125;-100.7166748046875
3725652;-58.42620849609375;-99.252510070800781
3730647.5;-57.361186981201172;-92.072357177734375
3735643;-59.4718017578125;-89.642173767089844
3740638.5;-60.158226013183594;-84.958984375
3745634;-60.652683258056641;-99.886978149414063
3750629.5;-58.674747467041016;-88.098373413085938
3755625;-61.844409942626953;-99.356613159179688
3760620.5;-60.695426940917969;-96.382270812988281
3765616;-60.576736450195312;-103.19688415527344
3770611.5;-58.119304656982422;-94.555694580078125
3775607;-59.675537109375;-91.1551513671875
3780602.5;-60.037296295166016;-91.109321594238281
3785598;-59.811408996582031;-96.277305603027344
3790593.5;-61.116870880126953;-92.122535705566406
3795589;-57.83544921875;-86.15557861328125
3800584.5;-63.714889526367187;-91.725379943847656
3805580;-61.307106018066406;-104.08734130859375
3810575.5;-64.562271118164062;-98.310462951660156
3815571;-63.480991363525391;-87.972328186035156
3820566.5;-64.468696594238281;-103.96472930908203
3825562;-63.315525054931641;-90.736495971679688
3830557.5;-62.582065582275391;-98.612548828125
3835553;-60.632617950439453;-89.412284851074219
3840548.5;-64.604293823242187;-89.480758666992188
3845544;-64.149734497070313;-105.66664886474609
3850539.5;-61.457103729248047;-98.465538024902344
3855535;-60.934913635253906;-89.332572937011719
3860530.5;-62.826263427734375;-98.111351013183594
3865526;-60.383121490478516;-88.647201538085938
3870521.5;-62.732585906982422;-106.48390960693359
3875517;-64.715339660644531;-91.147499084472656
3880512.5;-65.226860046386719;-105.76953125
3885508;-62.933631896972656;-89.697029113769531
3890503.5;-61.987457275390625;-100.26465606689453
3895499;-62.175983428955078;-89.92620849609375
3900494.5;-62.162944793701172;-87.101676940917969
3905490;-62.328205108642578;-92.512161254882813
3910485.5;-62.558650970458984;-88.309783935546875
3915481;-61.404518127441406;-89.940574645996094
3920476.5;-60.756381988525391;-89.707275390625
3925472;-58.636947631835938;-91.110580444335938
3930467.5;-59.548469543457031;-98.989959716796875
3935463;-59.491756439208984;-90.419792175292969
3940458.5;-60.234241485595703;-99.275253295898438
3945454;-60.224708557128906;-96.287528991699219
3950449.5;-60.162830352783203;-86.938804626464844
3955445;-60.483432769775391;-110.49589538574219
3960440.5;-60.101467132568359;-101.05516815185547
3965436;-58.370197296142578;-96.99810791015625
3970431.5;-59.002513885498047;-97.270591735839844
3975427;-59.906356811523438;-81.402664184570313
3980422.5;-59.817218780517578;-110.05142974853516
3985418;-58.731876373291016;-89.914505004882813
3990413.5;-60.681545257568359;-93.656898498535156
3995409;-59.078392028808594;-87.991317749023438
4000404.5;-58.599258422851563;-93.740242004394531
4005400;-59.528018951416016;-96.546157836914063
4010395.5;-61.62042236328125;-91.587783813476563
4015391;-59.474418640136719;-85.686393737792969
4020386.5;-60.4940185546875;-87.164535522460938
4025382;-59.253833770751953;-88.514533996582031
4030377.5;-62.848236083984375;-95.664176940917969
4035373;-61.472415924072266;-87.831871032714844
4040368.5;-59.814380645751953;-108.94341278076172
4045364;-61.134494781494141;-88.453170776367188
4050359.5;-58.581985473632813;-83.331657409667969
4055355;-60.665428161621094;-108.11054229736328
4060350.5;-60.628566741943359;-86.118545532226563
4065346;-60.921554565429688;-89.470687866210937
4070341.5;-61.363056182861328;-96.026275634765625
4075337;-62.686725616455078;-94.08612060546875
4080332.5;-65.777946472167969;-110.88766479492187
4085328;-65.166595458984375;-93.171516418457031
4090323.5;-67.018875122070313;-92.960289001464844
4095319;-65.589187622070313;-103.89485931396484
4100314.5;-63.116001129150391;-99.453704833984375
4105310;-63.970539093017578;-100.29865264892578
4110305.5;-61.83746337890625;-91.079734802246094
4115301;-62.842487335205078;-91.513916015625
4120296.5;-63.141792297363281;-93.287422180175781
4125292;-58.322319030761719;-89.219924926757813
4130287.5;-62.18829345703125;-97.870155334472656
4135283;-61.780502319335938;-105.74362182617187
4140278.5;-62.272064208984375;-97.762123107910156
4145274;-61.70098876953125;-97.4007568359375
4150269.5;-63.621265411376953;-85.248207092285156
4155265;-60.98223876953125;-98.138359069824219
4160260.5;-61.519851684570313;-100.69877624511719
4165256;-62.212863922119141;-99.77447509765625
4170251.5;-62.158737182617188;-101.23268890380859
4175247;-58.4775390625;-94.058586120605469
4180242.5;-61.332878112792969;-89.6044921875
4185238;-57.452491760253906;-97.718887329101563
4190233.5;-60.586654663085937;-84.16009521484375
4195229;-59.552894592285156;-99.984138488769531
4200224.5;-61.627204895019531;-85.333839416503906
4205220;-59.593231201171875;-94.905815124511719
4210215.5;-59.840591430664062;-84.141525268554688
4215211;-60.145652770996094;-84.010795593261719
4220206.5;-58.684707641601563;-81.927566528320313
4225202;-59.180465698242187;-103.46422576904297
4230197.5;-61.214584350585938;-103.44532012939453
4235193;-61.181827545166016;-94.488685607910156
4240188.5;-60.340721130371094;-95.291603088378906
4245184;-59.221977233886719;-99.214767456054687
4250179.5;-58.228530883789063;-92.59625244140625
4255175;-62.470893859863281;-95.046409606933594
4260170.5;-60.51446533203125;-96.902816772460938
4265166;-59.542442321777344;-90.361579895019531
4270161.5;-60.066104888916016;-83.442001342773438
4275157;-59.820159912109375;-87.84912109375
4280152.5;-61.061855316162109;-92.155387878417969
4285148;-60.747222900390625;-91.938301086425781
4290143.5;-59.195846557617188;-111.44705200195312
4295139;-63.300750732421875;-91.16839599609375
4300134.5;-65.54229736328125;-90.40899658203125
4305130;-61.842720031738281;-92.567268371582031
4310125.5;-58.880977630615234;-94.234275817871094
4315121;-61.284999847412109;-107.24752807617187
4320116.5;-58.696495056152344;-94.213676452636719
4325112;-60.547447204589844;-104.64682006835937
4330107.5;-62.782661437988281;-91.651107788085938
4335103;-62.610469818115234;-96.039497375488281
4340098.5;-61.659317016601563;-92.809623718261719
4345094;-62.118289947509766;-95.305831909179687
4350089.5;-63.389747619628906;-87.469596862792969
4355085;-63.8345947265625;-102.16719818115234
4360080.5;-65.564888000488281;-91.457618713378906
4365076;-62.757755279541016;-104.05095672607422
4370071.5;-61.273849487304688;-96.712135314941406
4375067;-62.169609069824219;-89.381317138671875
4380062.5;-62.365119934082031;-94.543350219726563
4385058;-62.848522186279297;-92.900047302246094
4390053.5;-61.883892059326172;-109.27587127685547
4395049;-61.173088073730469;-87.337013244628906
4400044.5;-64.321296691894531;-98.5928955078125
4405040;-61.541164398193359;-85.256500244140625
4410035.5;-64.473922729492187;-118.99767303466797
4415031;-60.85205078125;-87.636322021484375
4420026.5;-59.743606567382812;-95.648872375488281
4425022;-60.994514465332031;-99.199455261230469
4430017.5;-60.797943115234375;-89.846748352050781
4435013;-59.1734619140625;-84.992164611816406
4440008.5;-62.316551208496094;-91.199195861816406
4445004;-60.012496948242188;-101.48120880126953
4449999.5;-61.456192016601563;-97.553367614746094
4454995;-58.093719482421875;-86.230010986328125
4459990.5;-57.977096557617188;-81.883140563964844
4464986;-62.636943817138672;-92.141029357910156
4469981.5;-60.533828735351562;-100.41893005371094
4474977;-60.321395874023438;-94.315254211425781
4479972.5;-59.734264373779297;-84.826362609863281
4484968;-59.204612731933594;-99.264320373535156
4489963.5;-59.984550476074219;-90.051872253417969
4494959;-56.849559783935547;-95.085441589355469
4499954.5;-61.360073089599609;-90.783348083496094
4504950;-60.163349151611328;-103.30645751953125
4509945.5;-63.3546142578125;-98.756149291992188
4514941;-57.635524749755859;-95.019569396972656
4519936.5;-58.567440032958984;-86.782264709472656
4524932;-58.798145294189453;-93.629974365234375
4529927.5;-60.189823150634766;-99.934646606445313
4534923;-60.344062805175781;-108.51811981201172
4539918.5;-60.431140899658203;-95.418701171875
4544914;-60.300052642822266;-106.00575256347656
4549909.5;-61.078845977783203;-96.191276550292969
4554905;-61.045154571533203;-94.905586242675781
4559900.5;-60.150585174560547;-101.08839416503906
4564896;-61.582473754882812;-101.92697906494141
4569891.5;-62.577648162841797;-99.691795349121094
4574887;-63.574298858642578;-102.34991455078125
4579882.5;-60.81201171875;-90.759857177734375
4584878;-62.509811401367188;-99.530242919921875
4589873.5;-59.879940032958984;-92.5679931640625
4594869;-61.503410339355469;-91.6158447265625
4599864.5;-64.530487060546875;-94.430580139160156
4604860;-59.534175872802734;-108.25736236572266
4609855.5;-63.302333831787109;-107.30648803710937
4614851;-62.586585998535156;-96.304374694824219
4619846.5;-62.510311126708984;-99.28436279296875
4624842;-62.603485107421875;-84.963966369628906
4629837.5;-63.054740905761719;-99.421028137207031
4634833;-62.905471801757813;-94.753067016601563
4639828.5;-62.147705078125;-99.613616943359375
4644824;-63.255271911621094;-97.7554931640625
4649819.5;-63.156291961669922;-110.69514465332031
4654815;-61.90625;-93.470237731933594
4659810.5;-61.15380859375;-95.760101318359375
4664806;-60.3717041015625;-84.687423706054688
4669801.5;-61.855831146240234;-92.250862121582031
4674797;-62.330799102783203;-100.35073089599609
4679792.5;-60.869171142578125;-93.384315490722656
4684788;-60.551521301269531;-104.46643829345703
4689783.5;-58.075386047363281;-80.776901245117187
4694779;-60.499919891357422;-97.304618835449219
4699774.5;-60.333786010742188;-89.022148132324219
4704770;-60.301124572753906;-88.15655517578125
4709765.5;-61.263370513916016;-93.718841552734375
4714761;-61.753952026367187;-94.300315856933594
4719756.5;-62.324710845947266;-86.554008483886719
4724752;-56.681724548339844;-98.081169128417969
4729747.5;-59.183052062988281;-100.35088348388672
4734743;-58.676830291748047;-87.567726135253906
4739738.5;-57.615848541259766;-86.471015930175781
4744734;-59.904941558837891;-83.094566345214844
4749729.5;-58.953277587890625;-86.457160949707031
4754725;-60.291408538818359;-90.851165771484375
4759720.5;-56.196189880371094;-99.313880920410156
4764716;-59.104225158691406;-103.80771636962891
4769711.5;-60.266414642333984;-78.675399780273437
4774707;-61.043735504150391;-93.988990783691406
4779702.5;-62.265434265136719;-96.54205322265625
4784698;-59.53900146484375;-95.857452392578125
4789693.5;-58.234310150146484;-94.732406616210937
4794689;-58.361293792724609;-98.243568420410156
4799684.5;-60.582405090332031;-97.501434326171875
4804680;-59.602817535400391;-94.473518371582031
4809675.5;-60.961288452148438;-105.15627288818359
4814671;-59.194435119628906;-125.36394500732422
4819666.5;-60.224155426025391;-103.18804931640625
4824662;-58.971958160400391;-83.161521911621094
4829657.5;-60.171688079833984;-91.410736083984375
4834653;-61.860523223876953;-100.75804901123047
4839648.5;-62.871597290039063;-89.655868530273438
4844644;-60.779888153076172;-92.408439636230469
4849639.5;-63.072963714599609;-92.537239074707031
4854635;-61.913818359375;-90.89739990234375
4859630.5;-61.131023406982422;-90.800392150878906
4864626;-62.244842529296875;-83.603164672851563
4869621.5;-61.641139984130859;-90.628677368164063
4874617;-62.957740783691406;-101.41146850585937
4879612.5;-63.125587463378906;-91.515823364257813
4884608;-62.999988555908203;-111.68527221679687
4889603.5;-60.665260314941406;-91.179306030273437
4894599;-60.028327941894531;-97.0576171875
4899594.5;-60.134708404541016;-95.802474975585938
4904590;-62.127674102783203;-83.522834777832031
4909585.5;-62.997665405273438;-104.02787780761719
4914581;-58.716564178466797;-102.34804534912109
4919576.5;-60.469375610351563;-102.78955078125
4924572;-59.933372497558594;-95.368621826171875
4929567.5;-60.345630645751953;-89.615432739257813
4934563;-59.663246154785156;-88.147575378417969
4939558.5;-60.371315002441406;-96.501640319824219
4944554;-61.677619934082031;-88.890830993652344
4949549.5;-58.119968414306641;-93.525672912597656
4954545;-57.517139434814453;-85.356369018554688
4959540.5;-60.256591796875;-90.256156921386719
4964536;-60.352184295654297;-102.70894622802734
4969531.5;-59.166236877441406;-94.407783508300781
4974527;-58.486236572265625;-100.25108337402344
4979522.5;-60.040500640869141;-88.983238220214844
4984518;-60.254512786865234;-90.761642456054688
4989513.5;-59.316719055175781;-101.56369018554687
4994509;-59.358547210693359;-100.80576324462891
4999504.5;-59.323741912841797;-99.514045715332031
5004500;-59.809436798095703;-91.778999328613281
5009495.5;-58.675762176513672;-83.847061157226562
5014491;-62.480003356933594;-94.227005004882813
5019486.5;-57.584049224853516;-85.033943176269531
5024482;-57.345741271972656;-91.873245239257813
5029477.5;-61.048271179199219;-103.70318603515625
5034473;-58.156410217285156;-82.749282836914062
5039468.5;-60.755542755126953;-113.94355773925781
5044464;-60.505386352539063;-111.87855529785156
5049459.5;-62.433307647705078;-88.43914794921875
5054455;-61.708915710449219;-97.044746398925781
5059450.5;-56.603206634521484;-97.880172729492188
5064446;-60.133792877197266;-95.6539306640625
5069441.5;-59.867408752441406;-90.980857849121094
5074437;-60.443202972412109;-100.39778137207031
5079432.5;-60.560447692871094;-93.010108947753906
5084428;-60.960376739501953;-103.49295806884766
5089423.5;-63.260974884033203;-92.256111145019531
5094419;-57.533908843994141;-94.330467224121094
5099414.5;-62.041427612304688;-103.60439300537109
5104410;-58.997543334960937;-93.794944763183594
5109405.5;-59.974044799804688;-91.545173645019531
5114401;-61.978588104248047;-100.40482330322266
5119396.5;-61.029571533203125;-92.60540771484375
5124392;-61.900661468505859;-89.966987609863281
5129387.5;-62.167766571044922;-91.581863403320313
5134383;-61.863780975341797;-97.121978759765625
5139378.5;-60.144733428955078;-96.594902038574219
5144374;-59.301296234130859;-93.541770935058594
5149369.5;-61.858062744140625;-108.40396881103516
5154365;-60.896186828613281;-91.845970153808594
5159360.5;-59.993511199951172;-91.068138122558594
5164356;-58.455123901367188;-90.690147399902344
5169351.5;-58.985076904296875;-99.796760559082031
5174347;-59.371006011962891;-106.0228271484375
5179342.5;-60.605884552001953;-90.311058044433594
5184338;-60.489547729492188;-98.012123107910156
5189333.5;-61.173938751220703;-97.976844787597656
5194329;-57.709697723388672;-88.170639038085937
5199324.5;-60.079811096191406;-94.483856201171875
5204320;-60.455558776855469;-96.078125
5209315.5;-60.441780090332031;-91.2879638671875
5214311;-57.683403015136719;-98.986946105957031
5219306.5;-56.992233276367188;-97.311416625976562
5224302;-58.57232666015625;-90.518562316894531
5229297.5;-58.625175476074219;-107.3480224609375
5234293;-59.42767333984375;-94.963188171386719
5239288.5;-60.161460876464844;-87.127685546875
5244284;-58.578762054443359;-87.673004150390625
5249279.5;-58.046188354492188;-87.385780334472656
5254275;-56.891006469726563;-102.44863891601562
5259270.5;-60.139419555664063;-101.04692077636719
5264266;-59.731117248535156;-112.61310577392578
5269261.5;-58.361263275146484;-96.013580322265625
5274257;-57.656044006347656;-92.307441711425781
5279252.5;-59.103912353515625;-92.995094299316406
5284248;-59.441268920898438;-90.130844116210937
5289243.5;-58.787193298339844;-88.794601440429688
5294239;-57.537857055664062;-104.52632141113281
5299234.5;-59.703708648681641;-86.057029724121094
5304230;-57.685302734375;-91.269065856933594
5309225.5;-59.973514556884766;-86.037895202636719
5314221;-59.713058471679688;-88.109870910644531
5319216.5;-59.369617462158203;-104.40364074707031
5324212;-59.611000061035156;-85.690483093261719
5329207.5;-59.384811401367188;-89.159072875976563
5334203;-61.0618896484375;-101.68253326416016
5339198.5;-61.618083953857422;-81.841079711914063
5344194;-58.735378265380859;-85.281082153320313
5349189.5;-60.219837188720703;-93.011398315429687
5354185;-56.703830718994141;-94.584999084472656
5359180.5;-59.944572448730469;-102.46889495849609
5364176;-59.213966369628906;-84.47174072265625
5369171.5;-60.873348236083984;-108.72235107421875
5374167;-59.983360290527344;-90.571510314941406
5379162.5;-58.205375671386719;-87.056938171386719
5384158;-61.730953216552734;-106.28711700439453
5389153.5;-62.834018707275391;-81.770530700683594
5394149;-62.695720672607422;-85.785575866699219
5399144.5;-61.996665954589844;-93.086723327636719
5404140;-61.11700439453125;-89.501899719238281
5409135.5;-60.112483978271484;-97.127754211425781
5414131;-58.679729461669922;-100.02882385253906
5419126.5;-57.252552032470703;-87.187057495117188
5424122;-59.557449340820312;-117.10678863525391
5429117.5;-57.052520751953125;-103.47460174560547
5434113;-60.078357696533203;-89.405982971191406
5439108.5;-58.423507690429688;-101.47972869873047
5444104;-58.342166900634766;-94.312934875488281
5449099.5;-58.463665008544922;-88.932792663574219
5454095;-58.654354095458984;-95.963630676269531
5459090.5;-58.665843963623047;-91.175186157226562
5464086;-58.673824310302734;-96.545059204101563
5469081.5;-58.989604949951172;-83.943138122558594
5474077;-58.979801177978516;-83.774147033691406
5479072.5;-57.715484619140625;-91.470230102539063
5484068;-58.187808990478516;-101.69740295410156
5489063.5;-57.010818481445313;-91.510841369628906
5494059;-57.660915374755859;-88.5780029296875
5499054.5;-56.381809234619141;-89.715354919433594
5504050;-57.831195831298828;-90.874649047851563
5509045.5;-58.181079864501953;-91.386344909667969
5514041;-58.053714752197266;-103.86843109130859
5519036.5;-58.163650512695312;-84.649147033691406
5524032;-58.72796630859375;-87.550651550292969
5529027.5;-58.349559783935547;-91.164176940917969
5534023;-60.501716613769531;-106.5645751953125
5539018.5;-56.804935455322266;-90.666755676269531
5544014;-59.643390655517578;-87.220199584960937
5549009.5;-55.96307373046875;-86.767005920410156
5554005;-59.258968353271484;-78.456787109375
5559000.5;-57.267288208007812;-96.778335571289063
5563996;-56.265472412109375;-81.821372985839844
5568991.5;-59.139644622802734;-97.544082641601563
5573987;-58.201576232910156;-86.773117065429687
5578982.5;-58.720577239990234;-100.19871520996094
5583978;-59.667385101318359;-89.01263427734375
5588973.5;-56.362949371337891;-100.59483337402344
5593969;-59.388019561767578;-87.658668518066406
5598964.5;-62.951763153076172;-95.363296508789063
5603960;-61.115741729736328;-91.079490661621094
5608955.5;-61.569683074951172;-96.329925537109375
5613951;-60.138137817382812;-89.648704528808594
5618946.5;-58.838951110839844;-90.014541625976563
5623942;-56.940250396728516;-106.88764190673828
5628937.5;-56.555339813232422;-90.932243347167969
5633933;-60.044548034667969;-91.849815368652344
5638928.5;-60.629470825195312;-90.789085388183594
5643924;-55.811710357666016;-96.879348754882813
5648919.5;-57.359981536865234;-96.863502502441406
5653915;-59.653514862060547;-92.483047485351562
5658910.5;-59.921272277832031;-84.075653076171875
5663906;-59.364944458007813;-109.02919769287109
5668901.5;-61.233486175537109;-92.549949645996094
5673897;-58.671672821044922;-88.405082702636719
5678892.5;-58.684429168701172;-100.83061981201172
5683888;-57.450813293457031;-83.038101196289063
5688883.5;-59.383644104003906;-77.882743835449219
5693879;-60.595024108886719;-102.6214599609375
5698874.5;-59.184062957763672;-90.040565490722656
5703870;-59.459129333496094;-92.696205139160156
5708865.5;-58.809066772460938;-84.799087524414063
5713861;-57.589481353759766;-91.090866088867188
5718856.5;-57.20989990234375;-97.357009887695312
5723852;-60.373554229736328;-102.52189636230469
5728847.5;-60.966171264648438;-88.970726013183594
5733843;-57.814472198486328;-92.434196472167969
5738838.5;-56.901771545410156;-97.916275024414063
5743834;-56.284397125244141;-92.500587463378906
5748829.5;-58.110427856445313;-93.833389282226563
5753825;-57.768875122070313;-92.500373840332031
5758820.5;-57.171413421630859;-98.46820068359375
5763816;-58.563419342041016;-95.641220092773438
5768811.5;-58.364761352539063;-90.290962219238281
5773807;-56.595542907714844;-96.492813110351563
5778802.5;-60.577465057373047;-84.972137451171875
5783798;-56.663818359375;-100.44609069824219
5788793.5;-57.913814544677734;-91.798675537109375
5793789;-59.349605560302734;-103.74072265625
5798784.5;-58.848232269287109;-88.083061218261719
5803780;-60.1053466796875;-88.818183898925781
5808775.5;-57.109317779541016;-105.04560852050781
5813771;-61.533523559570313;-83.384719848632812
5818766.5;-57.693267822265625;-92.23980712890625
5823762;-57.619400024414062;-99.338066101074219
5828757.5;-60.155296325683594;-87.105422973632813
5833753;-58.383003234863281;-99.584114074707031
5838748.5;-55.096973419189453;-95.582176208496094
5843744;-59.776641845703125;-89.140647888183594
5848739.5;-56.841167449951172;-87.947868347167969
5853735;-60.541252136230469;-83.863433837890625
5858730.5;-60.231143951416016;-92.114578247070313
5863726;-57.887104034423828;-89.527740478515625
5868721.5;-58.416915893554688;-106.87316131591797
5873717;-60.449230194091797;-96.688346862792969
5878712.5;-58.7481689453125;-92.035865783691406
5883708;-60.328071594238281;-78.629676818847656
5888703.5;-58.180496215820313;-83.762306213378906
5893699;-59.235546112060547;-82.98394775390625
5898694.5;-59.43988037109375;-106.45237731933594
5903690;-60.982288360595703;-90.043792724609375
5908685.5;-60.538188934326172;-100.16653442382812
5913681;-58.720962524414063;-97.244743347167969
5918676.5;-58.138504028320313;-85.820877075195312
5923672;-59.350166320800781;-74.634628295898438
5928667.5;-59.460243225097656;-94.396377563476563
5933663;-57.383403778076172;-87.124557495117187
5938658.5;-58.356597900390625;-92.790771484375
5943654;-59.091350555419922;-93.433639526367188
5948649.5;-59.734027862548828;-83.3050537109375
5953645;-58.452255249023438;-83.944679260253906
5958640.5;-60.785850524902344;-93.049591064453125
5963636;-59.588356018066406;-95.3504638671875
5968631.5;-60.128814697265625;-98.7481689453125
5973627;-58.766139984130859;-108.28763580322266
5978622.5;-57.373401641845703;-98.373062133789063
5983618;-58.821895599365234;-86.353446960449219
5988613.5;-57.198261260986328;-93.668472290039063
5993609;-57.095195770263672;-91.8092041015625
5998604.5;-59.393238067626953;-93.598861694335937
6003600;-60.605922698974609;-100.35830688476562
6008595.5;-58.145645141601563;-95.641464233398438
6013591;-58.290313720703125;-102.74784851074219
6018586.5;-58.396827697753906;-89.867172241210938
6023582;-56.861179351806641;-109.27787780761719
6028577.5;-59.722412109375;-98.170135498046875
6033573;-56.260040283203125;-87.708808898925781
6038568.5;-57.646591186523438;-100.23514556884766
6043564;-59.156280517578125;-77.214378356933594
6048559.5;-59.362758636474609;-79.946846008300781
6053555;-60.303089141845703;-123.17868804931641
6058550.5;-56.471172332763672;-89.757186889648437
6063546;-56.441780090332031;-91.647308349609375
6068541.5;-60.583820343017578;-97.780029296875
6073537;-59.361137390136719;-92.331581115722656
6078532.5;-57.990016937255859;-95.912338256835938
6083528;-59.340850830078125;-94.092185974121094
6088523.5;-61.571846008300781;-96.101165771484375
6093519;-59.205825805664062;-98.778953552246094
6098514.5;-61.123958587646484;-93.180755615234375
6103510;-59.610385894775391;-100.20195007324219
6108505.5;-59.687606811523438;-96.9466552734375
6113501;-61.689582824707031;-94.068275451660156
6118496.5;-61.033943176269531;-108.65438842773437
6123492;-59.382984161376953;-89.23126220703125
6128487.5;-60.701526641845703;-100.30107116699219
6133483;-59.758045196533203;-97.693733215332031
6138478.5;-60.244373321533203;-87.665267944335938
6143474;-60.026027679443359;-87.647590637207031
6148469.5;-59.109115600585938;-93.851325988769531
6153465;-60.971275329589844;-101.12500762939453
6158460.5;-60.433673858642578;-109.15997314453125
6163456;-59.181129455566406;-81.416999816894531
6168451.5;-58.601402282714844;-81.170860290527344
6173447;-60.425910949707031;-89.14178466796875
6178442.5;-60.277923583984375;-86.606048583984375
6183438;-59.410537719726563;-98.830490112304688
6188433.5;-59.638278961181641;-84.415420532226563
6193429;-60.590068817138672;-96.457038879394531
6198424.5;-59.792091369628906;-105.80767059326172
6203420;-58.033454895019531;-85.148017883300781
6208415.5;-57.924045562744141;-107.60186004638672
6213411;-59.709976196289063;-84.424972534179688
6218406.5;-59.877742767333984;-92.935157775878906
6223402;-59.348217010498047;-76.717597961425781
6228397.5;-59.220451354980469;-95.936515808105469
6233393;-58.170539855957031;-86.803581237792969
6238388.5;-58.807975769042969;-88.922538757324219
6243384;-57.310558319091797;-97.482139587402344
6248379.5;-58.409641265869141;-98.308708190917969
6253375;-59.713275909423828;-91.7244873046875
6258370.5;-60.560756683349609;-106.28843688964844
6263366;-57.558315277099609;-92.468765258789063
6268361.5;-56.602046966552734;-88.0311279296875
6273357;-59.419902801513672;-84.512382507324219
6278352.5;-59.151649475097656;-86.214569091796875
6283348;-59.683982849121094;-97.076934814453125
6288343.5;-58.033725738525391;-91.566368103027344
6293339;-61.616554260253906;-87.596092224121094
6298334.5;-59.547050476074219;-102.15906524658203
6303330;-60.148227691650391;-96.277153015136719
6308325.5;-61.266483306884766;-96.062080383300781
6313321;-59.779582977294922;-89.597488403320313
6318316.5;-61.286144256591797;-100.64863586425781
6323312;-62.513015747070313;-92.427101135253906
6328307.5;-62.326908111572266;-91.480972290039063
6333303;-60.292392730712891;-90.2427978515625
6338298.5;-57.8660888671875;-86.116714477539062
6343294;-57.702529907226563;-97.048423767089844
6348289.5;-61.320255279541016;-95.05133056640625
6353285;-60.981929779052734;-87.552001953125
6358280.5;-61.623222351074219;-100.00769805908203
6363276;-60.5885009765625;-99.150039672851563
6368271.5;-59.394233703613281;-93.697944641113281
6373267;-59.262733459472656;-89.358840942382813
6378262.5;-61.533607482910156;-109.88471221923828
6383258;-57.896823883056641;-92.535385131835938
6388253.5;-60.666091918945312;-97.848609924316406
6393249;-60.378078460693359;-107.00101470947266
6398244.5;-60.506816864013672;-95.987197875976563
6403240;-61.606395721435547;-92.796653747558594
6408235.5;-58.735492706298828;-98.533836364746094
6413231;-60.315509796142578;-92.449066162109375
6418226.5;-59.170780181884766;-99.206985473632813
6423222;-62.0872802734375;-87.4193115234375
6428217.5;-60.689937591552734;-95.2557373046875
6433213;-60.974575042724609;-90.546096801757813
6438208.5;-62.965339660644531;-98.110328674316406
6443204;-62.089431762695313;-99.855873107910156
6448199.5;-62.802707672119141;-87.750556945800781
6453195;-59.333740234375;-90.906700134277344
6458190.5;-59.743877410888672;-83.371353149414063
6463186;-59.396400451660156;-100.37244415283203
6468181.5;-59.417137145996094;-105.84575653076172
6473177;-58.6649169921875;-103.98226165771484
6478172.5;-60.538959503173828;-101.79638671875
6483168;-61.950031280517578;-97.827957153320313
6488163.5;-62.140945434570312;-95.312080383300781
6493159;-61.050304412841797;-90.876182556152344
6498154.5;-63.209808349609375;-101.07675933837891
6503150;-61.720561981201172;-89.654090881347656
6508145.5;-60.487907409667969;-101.52888488769531
6513141;-62.145465850830078;-103.43212127685547
6518136.5;-58.0732421875;-95.551078796386719
6523132;-60.083366394042969;-81.834892272949219
6528127.5;-59.25421142578125;-92.728538513183594
6533123;-60.060966491699219;-85.113243103027344
6538118.5;-56.966548919677734;-91.403671264648438
6543114;-60.712745666503906;-90.972640991210937
6548109.5;-62.609375;-106.92513275146484
6553105;-60.547168731689453;-84.573944091796875
6558100.5;-61.510372161865234;-88.726470947265625
6563096;-59.001399993896484;-102.90467071533203
6568091.5;-59.135047912597656;-93.986671447753906
6573087;-62.505165100097656;-99.928436279296875
6578082.5;-62.119270324707031;-84.080947875976563
6583078;-62.422355651855469;-103.27347564697266
6588073.5;-61.655410766601563;-92.605087280273438
6593069;-61.030464172363281;-115.58934020996094
6598064.5;-62.261703491210937;-96.291542053222656
6603060;-62.146389007568359;-107.353271484375
6608055.5;-60.461502075195313;-102.17918395996094
6613051;-60.028034210205078;-92.322845458984375
6618046.5;-63.151607513427734;-93.017829895019531
6623042;-63.914096832275391;-95.865325927734375
6628037.5;-61.423652648925781;-99.331527709960938
6633033;-62.152549743652344;-105.30841064453125
6638028.5;-63.083984375;-94.950828552246094
6643024;-62.5908203125;-104.37417602539062
6648019.5;-63.313053131103516;-88.229873657226562
6653015;-59.182689666748047;-87.68536376953125
6658010.5;-59.942085266113281;-86.251716613769531
6663006;-62.591503143310547;-92.196891784667969
6668001.5;-60.656776428222656;-95.286949157714844
6672997;-62.651351928710937;-97.905258178710937
6677992.5;-60.758571624755859;-86.641143798828125
6682988;-62.322349548339844;-95.639045715332031
6687983.5;-59.558650970458984;-89.274734497070313
6692979;-59.957832336425781;-94.812522888183594
6697974.5;-62.199203491210938;-101.83900451660156
6702970;-61.502593994140625;-96.162857055664063
6707965.5;-63.408855438232422;-101.1553955078125
6712961;-61.286972045898438;-94.795295715332031
6717956.5;-60.446582794189453;-100.30033874511719
6722952;-60.664115905761719;-100.49852752685547
6727947.5;-60.723320007324219;-98.248123168945313
6732943;-61.804847717285156;-89.354148864746094
6737938.5;-59.975086212158203;-101.60124969482422
6742934;-59.829818725585937;-97.916481018066406
6747929.5;-63.293384552001953;-111.70486450195312
6752925;-58.585502624511719;-81.859367370605469
6757920.5;-60.523773193359375;-94.746688842773437
6762916;-60.762313842773437;-112.20476531982422
6767911.5;-61.544437408447266;-91.007682800292969
6772907;-63.716239929199219;-94.272407531738281
6777902.5;-62.864620208740234;-102.65313720703125
6782898;-62.298347473144531;-85.284042358398438
6787893.5;-60.669231414794922;-94.451927185058594
6792889;-60.588958740234375;-97.210311889648438
6797884.5;-59.914054870605469;-84.112205505371094
6802880;-61.123641967773438;-91.003509521484375
6807875.5;-61.488250732421875;-91.356239318847656
6812871;-61.436256408691406;-101.20896911621094
6817866.5;-61.007537841796875;-99.645713806152344
6822862;-63.163581848144531;-104.32228851318359
6827857.5;-61.902412414550781;-102.82305908203125
6832853;-61.666423797607422;-98.874832153320313
6837848.5;-64.391357421875;-98.188003540039063
6842844;-61.535724639892578;-86.315361022949219
6847839.5;-63.656208038330078;-87.425819396972656
6852835;-63.888923645019531;-90.394920349121094
6857830.5;-62.023765563964844;-91.930122375488281
6862826;-61.830825805664062;-95.153579711914063
6867821.5;-62.313632965087891;-93.430488586425781
6872817;-64.197189331054687;-95.992897033691406
6877812.5;-64.108848571777344;-102.07070159912109
6882808;-62.7261962890625;-102.25529479980469
6887803.5;-60.794612884521484;-90.682815551757812
6892799;-62.979164123535156;-98.101356506347656
6897794.5;-63.482585906982422;-83.894691467285156
6902790;-65.25396728515625;-92.291404724121094
6907785.5;-63.298149108886719;-99.239875793457031
6912781;-65.179557800292969;-94.938529968261719
6917776.5;-61.670761108398438;-91.166221618652344
6922772;-63.867488861083984;-97.536895751953125
6927767.5;-63.504711151123047;-96.289703369140625
6932763;-62.162525177001953;-87.782920837402344
6937758.5;-62.565250396728516;-89.297660827636719
6942754;-61.264774322509766;-104.37333679199219
6947749.5;-61.105155944824219;-92.786109924316406
6952745;-62.712997436523438;-91.615440368652344
6957740.5;-62.61968994140625;-112.30427551269531
6962736;-61.0032958984375;-101.17937469482422
6967731.5;-63.891029357910156;-93.57476806640625
6972727;-61.656101226806641;-90.196258544921875
6977722.5;-61.812450408935547;-84.017929077148438
6982718;-61.090202331542969;-89.09228515625
6987713.5;-63.687244415283203;-92.553131103515625
6992709;-63.436138153076172;-95.922813415527344
6997704.5;-61.623970031738281;-94.614952087402344
7002700;-64.740341186523438;-99.303153991699219
7007695.5;-61.617626190185547;-90.029151916503906
7012691;-61.757022857666016;-102.81876373291016
7017686.5;-63.191165924072266;-95.188819885253906
7022682;-63.298149108886719;-91.264015197753906
7027677.5;-63.671115875244141;-90.489448547363281
7032673;-61.713287353515625;-93.13262939453125
7037668.5;-63.49468994140625;-87.833168029785156
7042664;-64.417152404785156;-114.71183013916016
7047659.5;-61.518310546875;-94.665000915527344
7052655;-61.199680328369141;-83.406608581542969
7057650.5;-58.951343536376953;-90.173477172851563
7062646;-62.628902435302734;-92.033905029296875
7067641.5;-60.48297119140625;-111.05170440673828
7072637;-61.703369140625;-94.865386962890625
7077632.5;-63.537864685058594;-107.01819610595703
7082628;-63.262092590332031;-98.084304809570313
7087623.5;-64.04058837890625;-97.0775146484375
7092619;-66.866615295410156;-100.91168212890625
7097614.5;-66.666801452636719;-101.80358123779297
7102610;-66.09234619140625;-101.84918975830078
7107605.5;-64.525642395019531;-127.75228881835937
7112601;-65.482795715332031;-97.27685546875
7117596.5;-63.202491760253906;-103.81449127197266
7122592;-64.166664123535156;-95.058952331542969
7127587.5;-62.520462036132813;-93.594413757324219
7132583;-63.168209075927734;-92.61474609375
7137578.5;-61.375686645507813;-93.569572448730469
7142574;-63.415630340576172;-109.96765899658203
7147569.5;-64.374961853027344;-97.627227783203125
7152565;-66.247879028320312;-118.94227600097656
7157560.5;-64.50628662109375;-95.91729736328125
7162556;-62.170223236083984;-101.70882415771484
7167551.5;-65.630332946777344;-100.55576324462891
7172547;-64.052322387695312;-92.910354614257813
7177542.5;-60.620433807373047;-105.72132873535156
7182538;-62.137504577636719;-96.481941223144531
7187533.5;-63.659671783447266;-85.937057495117187
7192529;-63.834285736083984;-95.956924438476562
7197524.5;-62.674812316894531;-98.462615966796875
7202520;-62.730976104736328;-95.866668701171875
7207515.5;-65.129791259765625;-94.044700622558594
7212511;-63.718582153320313;-97.497749328613281
7217506.5;-63.584865570068359;-105.76863098144531
7222502;-65.691429138183594;-95.4029541015625
7227497.5;-62.971183776855469;-93.052848815917969
7232493;-60.012622833251953;-90.943359375
7237488.5;-64.134605407714844;-100.26422882080078
7242484;-63.849876403808594;-97.67041015625
7247479.5;-62.369438171386719;-87.033119201660156
7252475;-64.516166687011719;-83.663360595703125
7257470.5;-65.605567932128906;-108.74398040771484
7262466;-65.275070190429688;-98.323097229003906
7267461.5;-65.418075561523438;-91.19378662109375
7272457;-63.724765777587891;-96.532501220703125
7277452.5;-63.245410919189453;-96.581527709960938
7282448;-62.870498657226563;-84.986198425292969
7287443.5;-64.798263549804687;-101.04226684570312
7292439;-61.124649047851563;-96.753829956054688
7297434.5;-65.852249145507813;-90.6624755859375
7302430;-60.779132843017578;-101.70439910888672
7307425.5;-65.568153381347656;-107.73594665527344
7312421;-65.358512878417969;-88.200843811035156
7317416.5;-64.140060424804687;-80.059463500976563
7322412;-67.311820983886719;-109.28365325927734
7327407.5;-61.853076934814453;-93.939826965332031
7332403;-64.21087646484375;-91.289863586425781
7337398.5;-61.884048461914063;-104.98366546630859
7342394;-65.193046569824219;-87.715248107910156
7347389.5;-63.497055053710938;-91.371078491210937
7352385;-66.7666015625;-94.073387145996094
7357380.5;-65.880569458007813;-91.804298400878906
7362376;-63.03802490234375;-96.775314331054688
7367371.5;-65.0992431640625;-101.10646820068359
7372367;-62.720504760742187;-92.710472106933594
7377362.5;-63.206581115722656;-99.762611389160156
7382358;-64.652236938476563;-97.089462280273438
7387353.5;-63.947406768798828;-86.524177551269531
7392349;-63.717632293701172;-89.763839721679688
7397344.5;-64.537956237792969;-96.994621276855469
7402340;-63.317928314208984;-85.721450805664063
7407335.5;-65.094482421875;-113.89197540283203
7412331;-64.463661193847656;-95.398452758789063
7417326.5;-65.608589172363281;-93.9140625
7422322;-64.380546569824219;-89.019508361816406
7427317.5;-64.032707214355469;-128.62503051757812
7432313;-63.165199279785156;-93.979705810546875
7437308.5;-62.738185882568359;-100.78293609619141
7442304;-61.687664031982422;-95.692520141601563
7447299.5;-64.832901000976562;-91.298179626464844
7452295;-63.541996002197266;-105.87509918212891
7457290.5;-65.542671203613281;-104.05313110351562
7462286;-63.169868469238281;-100.25151062011719
7467281.5;-61.241641998291016;-104.25664520263672
7472277;-66.688529968261719;-114.09647369384766
7477272.5;-65.892692565917969;-98.086441040039063
7482268;-61.906890869140625;-100.32524108886719
7487263.5;-62.811943054199219;-94.086845397949219
7492259;-62.454280853271484;-100.52377319335937
7497254.5;-64.646766662597656;-100.23427581787109
7502250;-63.821998596191406;-101.97594451904297
7507245.5;-62.519397735595703;-104.22148132324219
7512241;-63.716884613037109;-85.944801330566406
7517236.5;-60.689125061035156;-105.63039398193359
7522232;-61.317672729492188;-104.48777770996094
7527227.5;-61.419998168945313;-98.730415344238281
7532223;-65.614387512207031;-86.662406921386719
7537218.5;-65.879432678222656;-91.326545715332031
7542214;-66.608078002929688;-89.853057861328125
7547209.5;-62.636611938476563;-98.002510070800781
7552205;-64.210731506347656;-95.060150146484375
7557200.5;-64.31719970703125;-109.22488403320312
7562196;-63.953109741210938;-94.481132507324219
7567191.5;-65.886177062988281;-96.522308349609375
7572187;-62.973529815673828;-104.65134429931641
7577182.5;-65.115554809570312;-110.21158599853516
7582178;-65.850479125976562;-92.210258483886719
7587173.5;-66.932052612304688;-99.776725769042969
7592169;-65.554695129394531;-100.60382843017578
7597164.5;-62.75592041015625;-104.54889678955078
7602160;-62.129753112792969;-104.70150756835937
7607155.5;-61.764808654785156;-89.185783386230469
7612151;-63.954242706298828;-107.40164947509766
7617146.5;-66.009185791015625;-104.04801940917969
7622142;-64.993705749511719;-86.911422729492187
7627137.5;-65.671180725097656;-108.06888580322266
7632133;-65.455123901367188;-89.475997924804688
7637128.5;-68.304008483886719;-100.31272888183594
7642124;-64.97857666015625;-92.374717712402344
7647119.5;-64.651893615722656;-123.19145202636719
7652115;-63.539436340332031;-98.876922607421875
7657110.5;-65.169471740722656;-99.481704711914063
7662106;-65.611000061035156;-90.922027587890625
7667101.5;-65.272872924804688;-95.329170227050781
7672097;-64.083000183105469;-102.71099853515625
7677092.5;-63.187652587890625;-84.249717712402344
7682088;-64.402565002441406;-94.276611328125
7687083.5;-65.331893920898437;-99.141670227050781
7692079;-68.853530883789063;-118.33971405029297
7697074.5;-66.662322998046875;-87.306404113769531
7702070;-65.575294494628906;-93.273468017578125
7707065.5;-66.488197326660156;-96.777679443359375
7712061;-62.677997589111328;-112.58357238769531
7717056.5;-64.814041137695312;-91.383377075195313
7722052;-63.639270782470703;-97.213996887207031
7727047.5;-62.452732086181641;-93.834182739257813
7732043;-65.44061279296875;-99.56463623046875
7737038.5;-62.886020660400391;-100.46955108642578
7742034;-66.621383666992188;-96.48065185546875
7747029.5;-65.328689575195313;-93.315086364746094
7752025;-67.107719421386719;-93.926681518554688
7757020.5;-65.087890625;-85.444564819335937
7762016;-66.880134582519531;-98.774208068847656
7767011.5;-64.109588623046875;-107.077392578125
7772007;-66.70306396484375;-98.025978088378906
7777002.5;-65.212966918945313;-94.259040832519531
7781998;-64.326995849609375;-94.949623107910156
7786993.5;-62.849803924560547;-90.409370422363281
7791989;-63.699474334716797;-93.933753967285156
7796984.5;-65.219261169433594;-110.75203704833984
7801980;-67.064239501953125;-107.70751953125
7806975.5;-64.655838012695313;-103.47052001953125
7811971;-65.607017517089844;-96.882537841796875
7816966.5;-63.542568206787109;-89.19403076171875
7821962;-63.857429504394531;-102.96452331542969
7826957.5;-66.377578735351563;-100.6297607421875
7831953;-66.335235595703125;-89.310356140136719
7836948.5;-67.819908142089844;-103.25917816162109
7841944;-65.28558349609375;-103.99188995361328
7846939.5;-66.158523559570313;-93.202713012695312
7851935;-63.99298095703125;-100.13287353515625
7856930.5;-67.964668273925781;-106.78148651123047
7861926;-67.5792236328125;-95.416854858398438
7866921.5;-64.391799926757813;-93.388771057128906
7871917;-67.024162292480469;-91.405258178710938
7876912.5;-65.615837097167969;-101.93093872070312
7881908;-66.025947570800781;-111.14902496337891
7886903.5;-68.522117614746094;-93.988899230957031
7891899;-65.894332885742187;-97.179542541503906
7896894.5;-69.149269104003906;-103.76969146728516
7901890;-65.57049560546875;-96.249771118164063
7906885.5;-65.555107116699219;-104.20680236816406
7911881;-68.991981506347656;-94.324462890625
7916876.5;-68.644561767578125;-97.034843444824219
7921872;-67.75152587890625;-95.447463989257813
7926867.5;-64.174873352050781;-93.466270446777344
7931863;-67.467987060546875;-102.91774749755859
7936858.5;-65.167564392089844;-99.330543518066406
7941854;-68.22808837890625;-95.947669982910156
7946849.5;-66.763381958007813;-94.684783935546875
7951845;-68.899032592773438;-110.03694915771484
7956840.5;-66.115463256835938;-98.96160888671875
7961836;-67.083724975585938;-106.31191253662109
7966831.5;-70.4383544921875;-111.99862670898437
7971827;-65.992729187011719;-93.058280944824219
7976822.5;-65.42510986328125;-96.409950256347656
7981818;-64.53485107421875;-98.5828857421875
7986813.5;-63.334651947021484;-109.40509033203125
7991809;-67.777030944824219;-95.109428405761719
7996804.5;-65.923912048339844;-109.66830444335937
8001800;-66.999168395996094;-97.474693298339844
8006795.5;-68.986747741699219;-93.081626892089844
8011791;-67.156723022460938;-100.02592468261719
8016786.5;-67.464530944824219;-90.937446594238281
8021782;-66.13824462890625;-93.598358154296875
8026777.5;-67.447334289550781;-112.00117492675781
8031773;-64.13372802734375;-106.26367950439453
8036768.5;-66.916458129882813;-98.413803100585938
8041764;-65.79803466796875;-101.31661987304687
8046759.5;-67.008110046386719;-104.36215972900391
8051755;-66.729354858398438;-92.971527099609375
8056750.5;-67.754753112792969;-91.7451171875
8061746;-69.489921569824219;-110.76866149902344
8066741.5;-66.863235473632813;-100.99604797363281
8071737;-69.879226684570313;-109.02393341064453
8076732.5;-69.277687072753906;-103.05230712890625
8081728;-66.381797790527344;-101.42730712890625
8086723.5;-69.187713623046875;-103.18897247314453
8091719;-69.195465087890625;-105.53597259521484
8096714.5;-69.198280334472656;-107.67494964599609
8101710;-67.366912841796875;-109.94013214111328
8106705.5;-69.018051147460938;-107.06424713134766
8111701;-66.247955322265625;-96.680473327636719
8116696.5;-68.703102111816406;-100.49452972412109
8121692;-67.4039306640625;-103.26195526123047
8126687.5;-68.382904052734375;-99.499984741210938
8131683;-70.37347412109375;-102.63849639892578
8136678.5;-71.979515075683594;-100.38588714599609
8141674;-67.447532653808594;-91.997688293457031
8146669.5;-66.653045654296875;-104.56118011474609
8151665;-68.945411682128906;-101.31999206542969
8156660.5;-70.740013122558594;-113.99772644042969
8161656;-70.405189514160156;-96.498741149902344
8166651.5;-68.337562561035156;-101.190185546875
8171647;-66.564079284667969;-89.050193786621094
8176642.5;-67.289039611816406;-100.08010864257812
8181638;-67.920021057128906;-106.34461212158203
8186633.5;-70.109344482421875;-99.804481506347656
8191629;-72.381423950195313;-97.724853515625
8196624.5;-70.364753723144531;-106.68438720703125
8201620;-69.062736511230469;-86.178382873535156
8206615.5;-67.928627014160156;-90.185981750488281
8211611;-68.217506408691406;-89.872413635253906
8216606.5;-68.619903564453125;-101.78826904296875
8221602;-70.894683837890625;-108.61968231201172
8226597.5;-71.802322387695313;-108.09119415283203
8231593;-68.971206665039063;-109.99848937988281
8236588.5;-69.610885620117187;-104.18943786621094
8241584;-68.207061767578125;-112.50174713134766
8246579.5;-66.993896484375;-105.63050842285156
8251575;-69.034927368164063;-109.38892364501953
8256570.5;-67.829872131347656;-108.75985717773437
8261566;-68.00421142578125;-98.63116455078125
8266561.5;-68.836463928222656;-94.38592529296875
8271557;-66.477119445800781;-102.22468566894531
8276552.5;-68.158424377441406;-98.250579833984375
8281548;-68.558082580566406;-111.1453857421875
8286543.5;-69.62127685546875;-112.97472381591797
8291539;-69.920791625976563;-103.33826446533203
8296534.5;-70.691642761230469;-104.39833831787109
8301530;-69.066619873046875;-94.919670104980469
8306525.5;-69.788063049316406;-96.763519287109375
8311521;-69.739982604980469;-104.29756927490234
8316516.5;-71.093803405761719;-94.750267028808594
8321512;-69.415138244628906;-100.68460845947266
8326507.5;-70.362808227539063;-100.89358520507812
8331503;-69.569114685058594;-104.24267578125
8336498.5;-71.155021667480469;-108.29133605957031
8341494;-71.27984619140625;-99.291481018066406
8346489.5;-69.345893859863281;-101.69513702392578
8351485;-69.176315307617187;-102.29439544677734
8356480.5;-70.741600036621094;-100.66516876220703
8361476;-68.995819091796875;-109.97450256347656
8366471.5;-69.278358459472656;-122.26732635498047
8371467;-73.141365051269531;-102.35431671142578
8376462.5;-71.923545837402344;-114.29615020751953
8381458;-68.945327758789063;-126.96778106689453
8386453.5;-70.560302734375;-109.56584930419922
8391449;-69.026138305664063;-99.159446716308594
8396444.5;-67.694351196289063;-105.08275604248047
8401440;-72.573020935058594;-121.17606353759766
8406435.5;-72.350715637207031;-101.77757263183594
8411431;-69.054206848144531;-110.83505249023437
8416426.5;-70.476478576660156;-99.68621826171875
8421422;-72.2947998046875;-89.723236083984375
8426417.5;-68.273124694824219;-113.79598999023437
8431413;-71.512542724609375;-109.60558319091797
8436408.5;-73.371261596679688;-99.948814392089844
8441404;-72.046478271484375;-102.16710662841797
8446399.5;-68.370170593261719;-97.729042053222656
8451395;-70.712020874023437;-99.815147399902344
8456390.5;-73.111091613769531;-115.63740539550781
8461386;-72.963119506835938;-105.42005920410156
8466381.5;-73.544288635253906;-107.85697937011719
8471377;-69.945167541503906;-107.68534088134766
8476372.5;-69.75506591796875;-105.56051635742187
8481368;-71.241989135742187;-92.989936828613281
8486363.5;-70.851593017578125;-105.27584838867187
8491359;-72.840240478515625;-109.99198150634766
8496354.5;-70.156608581542969;-96.2672119140625
8501350;-70.244865417480469;-94.255180358886719
8506345.5;-67.996971130371094;-103.56016540527344
8511341;-69.303459167480469;-94.54736328125
8516336.5;-69.010108947753906;-110.61559295654297
8521332;-69.502212524414063;-108.29029846191406
8526327.5;-72.840110778808594;-100.07325744628906
8531323;-70.52874755859375;-111.54476928710937
8536318.5;-69.318260192871094;-102.79360961914062
8541314;-68.830841064453125;-109.30977630615234
8546309.5;-71.445106506347656;-100.50830078125
8551305;-69.777427673339844;-105.28135681152344
8556300.5;-72.613693237304688;-116.08263397216797
8561296;-71.382652282714844;-112.64539337158203
8566291.5;-69.934989929199219;-95.60113525390625
8571287;-68.112884521484375;-106.22520446777344
8576282.5;-68.602180480957031;-98.169204711914063
8581278;-71.032455444335937;-96.674125671386719
8586273.5;-71.674217224121094;-116.86678314208984
8591269;-72.455818176269531;-101.60201263427734
8596264.5;-70.094955444335938;-114.98696899414062
8601260;-67.610137939453125;-91.322036743164063
8606255.5;-71.148628234863281;-107.17070007324219
8611251;-70.506202697753906;-101.01430511474609
8616246.5;-70.618133544921875;-102.83839416503906
8621242;-69.911979675292969;-103.87815093994141
8626237.5;-70.523475646972656;-108.30402374267578
8631233;-69.083038330078125;-106.21274566650391
8636228.5;-70.455718994140625;-115.26094055175781
8641224;-74.421180725097656;-119.18377685546875
8646219.5;-73.322189331054688;-108.58393096923828
8651215;-70.018661499023438;-99.797958374023438
8656210.5;-69.624992370605469;-113.49659729003906
8661206;-72.291213989257813;-98.699851989746094
8666201.5;-71.555389404296875;-109.19831085205078
8671197;-72.093696594238281;-113.65599060058594
8676192.5;-70.447463989257813;-106.03861999511719
8681188;-71.0196533203125;-99.912055969238281
8686183.5;-69.0457763671875;-108.19859313964844
8691179;-69.221343994140625;-115.02960968017578
8696174.5;-68.132926940917969;-109.15662384033203
8701170;-70.854484558105469;-113.95117950439453
8706165.5;-71.27703857421875;-134.37721252441406
8711161;-69.770286560058594;-102.75745391845703
8716156.5;-69.729598999023438;-105.61937713623047
8721152;-70.295913696289062;-104.74187469482422
8726147.5;-72.301712036132813;-97.92474365234375
8731143;-72.831581115722656;-109.43274688720703
8736138.5;-70.59613037109375;-115.23191070556641
8741134;-71.366233825683594;-112.37491607666016
8746129.5;-71.565216064453125;-92.147193908691406
8751125;-67.555191040039063;-89.385261535644531
8756120.5;-70.655532836914063;-104.33852386474609
8761116;-70.54498291015625;-108.86207580566406
8766111.5;-67.942756652832031;-96.827529907226562
8771107;-69.856964111328125;-104.54688262939453
8776102.5;-67.825843811035156;-111.04412841796875
8781098;-68.6416015625;-104.40235137939453
8786093.5;-71.358665466308594;-95.354301452636719
8791089;-70.659538269042969;-97.499099731445312
8796084.5;-70.194175720214844;-90.398078918457031
8801080;-68.007987976074219;-95.823623657226563
8806075.5;-67.450019836425781;-106.29129791259766
8811071;-70.168716430664063;-92.096786499023438
8816066.5;-69.580924987792969;-105.48342895507812
8821062;-69.438850402832031;-111.20147705078125
8826057.5;-72.647392272949219;-120.72313690185547
8831053;-71.2772216796875;-106.01898193359375
8836048.5;-69.926605224609375;-95.75726318359375
8841044;-67.843292236328125;-104.95124816894531
8846039.5;-69.408416748046875;-101.56342315673828
8851035;-71.503532409667969;-112.83088684082031
8856030.5;-69.466041564941406;-105.57327270507812
8861026;-68.290786743164063;-111.05963897705078
8866021.5;-67.510848999023438;-100.52325439453125
8871017;-70.670761108398438;-92.38836669921875
8876012.5;-70.993385314941406;-101.46383666992187
8881008;-71.725746154785156;-102.07069396972656
8886003.5;-69.9317626953125;-110.02772521972656
8890999;-69.03826904296875;-104.75238037109375
8895994.5;-69.002655029296875;-103.18923187255859
8900990;-69.757476806640625;-97.692611694335938
8905985.5;-65.369041442871094;-107.11701202392578
8910981;-70.425132751464844;-90.291313171386719
8915976.5;-72.346611022949219;-105.14324951171875
8920972;-69.07879638671875;-97.481559753417969
8925967.5;-70.06475830078125;-110.37271881103516
8930963;-68.121925354003906;-114.34559631347656
8935958.5;-66.688011169433594;-100.77941131591797
8940954;-70.866958618164063;-123.79437255859375
8945949.5;-70.850273132324219;-97.824951171875
8950945;-72.597496032714844;-111.80659484863281
8955940.5;-72.164176940917969;-113.81477355957031
8960936;-71.106330871582031;-101.38301086425781
8965931.5;-65.939712524414063;-101.42967987060547
8970927;-69.433509826660156;-91.294181823730469
8975922.5;-69.267852783203125;-126.27639007568359
8980918;-69.462837219238281;-105.0928955078125
8985913.5;-69.209991455078125;-110.09269714355469
8990909;-70.247062683105469;-109.05403137207031
8995904.5;-69.226844787597656;-97.867050170898438
9000900;-68.735710144042969;-105.80843353271484
9005895.5;-67.7109375;-101.97560119628906
9010891;-68.383644104003906;-99.997154235839844
9015886.5;-68.943580627441406;-101.93288421630859
9020882;-68.871223449707031;-106.36164855957031
9025877.5;-68.144989013671875;-107.87208557128906
9030873;-66.103561401367187;-116.17378997802734
9035868.5;-68.384147644042969;-108.43818664550781
9040864;-64.728309631347656;-98.588638305664063
9045859.5;-67.804176330566406;-108.97235870361328
9050855;-68.773460388183594;-108.57855224609375
9055850.5;-67.077781677246094;-101.33746337890625
9060846;-66.516120910644531;-112.43947601318359
9065841.5;-71.085182189941406;-109.87107849121094
9070837;-66.878837585449219;-96.32611083984375
9075832.5;-67.794883728027344;-94.273582458496094
9080828;-70.609481811523437;-115.49789428710937
9085823.5;-68.90667724609375;-105.24241638183594
9090819;-70.628425598144531;-112.42674255371094
9095814.5;-69.31768798828125;-85.863357543945313
9100810;-67.3167724609375;-98.173774719238281
9105805.5;-66.249595642089844;-101.11481475830078
9110801;-69.409126281738281;-94.413246154785156
9115796.5;-68.431266784667969;-96.083625793457031
9120792;-68.062660217285156;-113.2628173828125
9125787.5;-70.18756103515625;-99.041778564453125
9130783;-68.678321838378906;-97.031196594238281
9135778.5;-66.632438659667969;-101.83892822265625
9140774;-70.097564697265625;-101.20906066894531
9145769.5;-68.091445922851563;-95.780494689941406
9150765;-69.156585693359375;-103.25819396972656
9155760.5;-69.567054748535156;-106.64717864990234
9160756;-68.109588623046875;-97.877403259277344
9165751.5;-66.762550354003906;-92.518150329589844
9170747;-66.80889892578125;-99.598358154296875
9175742.5;-65.818435668945313;-105.51476287841797
9180738;-67.954719543457031;-111.45571899414062
9185733.5;-69.286521911621094;-116.24337005615234
9190729;-68.237510681152344;-99.280403137207031
9195724.5;-65.62969970703125;-112.82081604003906
9200720;-66.865318298339844;-96.655326843261719
9205715.5;-66.145942687988281;-106.54981231689453
9210711;-70.241470336914062;-101.14064788818359
9215706.5;-67.557594299316406;-102.79342651367187
9220702;-68.866653442382812;-103.71749114990234
9225697.5;-67.795188903808594;-109.01799011230469
9230693;-65.917320251464844;-106.07263946533203
9235688.5;-66.00543212890625;-108.28281402587891
9240684;-66.464706420898438;-95.884773254394531
9245679.5;-67.228439331054687;-117.52880859375
9250675;-69.277511596679688;-104.51885223388672
9255670.5;-69.295486450195313;-104.66849517822266
9260666;-65.548576354980469;-114.07621002197266
9265661.5;-67.668785095214844;-89.76019287109375
9270657;-66.503173828125;-102.03166961669922
9275652.5;-64.908607482910156;-86.715805053710937
9280648;-70.231346130371094;-122.10693359375
9285643.5;-69.465553283691406;-90.715316772460937
9290639;-66.434257507324219;-101.42104339599609
9295634.5;-65.934722900390625;-113.28404235839844
9300630;-67.545585632324219;-94.016128540039063
9305625.5;-63.493808746337891;-98.316619873046875
9310621;-65.133689880371094;-102.54103088378906
9315616.5;-65.751045227050781;-98.611351013183594
9320612;-67.389137268066406;-102.92671966552734
9325607.5;-65.652671813964844;-103.92823028564453
9330603;-66.17156982421875;-115.9522705078125
9335598.5;-68.190208435058594;-108.02678680419922
9340594;-67.146308898925781;-89.700897216796875
9345589.5;-68.829093933105469;-105.78119659423828
9350585;-69.983406066894531;-94.471832275390625
9355580.5;-68.411766052246094;-95.632522583007813
9360576;-70.49310302734375;-110.99488830566406
9365571.5;-65.810859680175781;-89.499618530273438
9370567;-65.120834350585937;-106.81095886230469
9375562.5;-65.877708435058594;-100.55280303955078
9380558;-67.563072204589844;-93.177688598632813
9385553.5;-68.843292236328125;-103.99411773681641
9390549;-66.433029174804688;-102.67696380615234
9395544.5;-67.287643432617187;-98.700126647949219
9400540;-65.580451965332031;-103.30710601806641
9405535.5;-64.600547790527344;-110.77769470214844
9410531;-65.439605712890625;-99.147369384765625
9415526.5;-66.722030639648437;-104.78289031982422
9420522;-70.206504821777344;-96.094078063964844
9425517.5;-69.062088012695312;-105.44093322753906
9430513;-66.111457824707031;-102.83011627197266
9435508.5;-64.962020874023437;-91.479827880859375
9440504;-65.451576232910156;-92.115318298339844
9445499.5;-65.36895751953125;-108.72225189208984
9450495;-65.852874755859375;-97.795364379882813
9455490.5;-67.480476379394531;-107.36388397216797
9460486;-66.61260986328125;-94.898414611816406
9465481.5;-67.343185424804688;-97.15057373046875
9470477;-65.798110961914062;-89.613288879394531
9475472.5;-63.922519683837891;-97.854362487792969
9480468;-65.202850341796875;-106.01163482666016
9485463.5;-64.4306640625;-138.94439697265625
9490459;-69.075218200683594;-105.94292449951172
9495454.5;-65.740119934082031;-94.655326843261719
9500450;-63.698318481445313;-104.39421081542969
9505445.5;-62.827663421630859;-83.739280700683594
9510441;-64.7740478515625;-92.2464599609375
9515436.5;-67.048637390136719;-92.701629638671875
9520432;-66.11663818359375;-96.269401550292969
9525427.5;-66.154594421386719;-101.61448669433594
9530423;-65.627578735351562;-102.94339752197266
9535418.5;-66.053863525390625;-89.588821411132813
9540414;-63.797763824462891;-99.018089294433594
9545409.5;-66.361892700195313;-105.52937316894531
9550405;-67.001327514648438;-108.61977386474609
9555400.5;-64.820167541503906;-109.04415130615234
9560396;-67.306869506835938;-118.60614013671875
9565391.5;-65.109405517578125;-98.352142333984375
9570387;-66.367012023925781;-100.11142730712891
9575382.5;-64.378448486328125;-103.59541320800781
9580378;-64.688827514648438;-107.12409210205078
9585373.5;-65.776016235351563;-89.724494934082031
9590369;-65.069435119628906;-108.65422058105469
9595364.5;-64.617317199707031;-91.6910400390625
9600360;-64.25933837890625;-92.886306762695313
9605355.5;-64.404754638671875;-102.07307434082031
9610351;-65.315620422363281;-91.00054931640625
9615346.5;-65.518630981445313;-104.14628601074219
9620342;-66.177879333496094;-102.35482788085937
9625337.5;-65.403709411621094;-87.169265747070313
9630333;-68.01348876953125;-98.842811584472656
9635328.5;-66.520034790039062;-108.74073028564453
9640324;-63.031219482421875;-102.67259216308594
9645319.5;-61.740108489990234;-100.50482940673828
9650315;-63.773063659667969;-100.49419403076172
9655310.5;-63.04425048828125;-96.156509399414063
9660306;-66.029083251953125;-98.666648864746094
9665301.5;-65.804222106933594;-100.01911926269531
9670297;-63.978988647460938;-98.812973022460938
9675292.5;-63.1907958984375;-100.22060394287109
9680288;-63.531570434570313;-103.95262145996094
9685283.5;-61.159774780273438;-117.67974090576172
9690279;-65.477668762207031;-99.649269104003906
9695274.5;-62.17230224609375;-115.16226196289062
9700270;-63.301982879638672;-110.37351989746094
9705265.5;-65.233367919921875;-91.801513671875
9710261;-65.849571228027344;-98.032005310058594
9715256.5;-59.353557586669922;-100.54269409179687
9720252;-65.18304443359375;-94.566352844238281
9725247.5;-63.556869506835937;-94.455940246582031
9730243;-65.480484008789063;-91.869529724121094
9735238.5;-62.934047698974609;-82.000160217285156
9740234;-60.967597961425781;-95.701446533203125
9745229.5;-62.823917388916016;-96.836700439453125
9750225;-63.094490051269531;-95.610572814941406
9755220.5;-67.621971130371094;-101.79914855957031
9760216;-63.793670654296875;-88.502372741699219
9765211.5;-65.435317993164062;-92.219169616699219
9770207;-62.069370269775391;-106.58152770996094
9775202.5;-63.118934631347656;-90.343368530273438
9780198;-63.446117401123047;-97.867584228515625
9785193.5;-64.073623657226563;-94.000801086425781
9790189;-64.440475463867187;-89.144447326660156
9795184.5;-66.194168090820312;-94.490554809570313
9800180;-66.794715881347656;-89.92437744140625
9805175.5;-63.187400817871094;-110.8304443359375
9810171;-62.265369415283203;-92.910995483398438
9815166.5;-64.018386840820313;-98.788482666015625
9820162;-64.541107177734375;-85.369873046875
9825157.5;-63.727867126464844;-100.76136016845703
9830153;-67.074234008789063;-111.84114074707031
9835148.5;-66.555351257324219;-97.172004699707031
9840144;-64.138442993164062;-88.827751159667969
9845139.5;-64.708503723144531;-99.443634033203125
9850135;-62.544155120849609;-86.113029479980469
9855130.5;-61.973270416259766;-96.234580993652344
9860126;-63.416557312011719;-105.20966339111328
9865121.5;-64.812156677246094;-90.167930603027344
9870117;-64.797470092773438;-104.12442779541016
9875112.5;-65.717567443847656;-97.535842895507813
9880108;-60.232734680175781;-102.12718200683594
9885103.5;-62.673812866210938;-101.29599761962891
9890099;-62.402332305908203;-91.608352661132812
9895094.5;-63.709014892578125;-113.63950347900391
9900090;-64.013290405273438;-99.622047424316406
9905085.5;-64.993240356445313;-99.647308349609375
9910081;-61.009284973144531;-92.737442016601563
9915076.5;-64.384223937988281;-92.284027099609375
9920072;-61.124404907226563;-94.508354187011719
9925067.5;-64.63531494140625;-100.75380706787109
9930063;-63.783702850341797;-97.822288513183594
9935058.5;-62.606288909912109;-93.004501342773438
9940054;-62.50677490234375;-89.388206481933594
9945049.5;-63.374355316162109;-117.52213287353516
9950045;-62.413684844970703;-105.90978240966797
9955040.5;-66.483230590820312;-104.65961456298828
9960036;-63.198429107666016;-88.923286437988281
9965031.5;-64.510086059570313;-106.16829681396484
9970027;-64.914161682128906;-95.643905639648437
9975022.5;-63.360763549804688;-85.344932556152344
9980018;-62.167850494384766;-98.753158569335938
9985013.5;-63.503997802734375;-93.585205078125
9990009;-64.160247802734375;-96.751380920410156
9995004.5;-61.591339111328125;-97.763336181640625
10000000;-62.402450561523437;-105.59609985351562
